-0.693359
-0.411133
-0.189941
-0.022583
-0.375732
0.006592
-0.189453
0.285645
-0.053955
-0.049805
0.088257
-0.483643
0.248413
0.385498
0.010742
0.518066
0.796875
1.159180
1.332031
1.011719
0.472656
0.217773
0.772949
0.265869
0.579102
0.544922
0.871094
0.672363
0.471191
0.107544
-0.261230
0.115723
0.786133
0.460693
0.840820
0.208862
0.873047
0.470215
0.119873
0.464355
0.560059
0.189819
0.111145
0.480957
0.839844
0.048706
0.112549
-0.034180
-0.122559
-0.102051
-0.255859
-0.241455
0.521484
0.245361
0.626953
0.280518
0.694824
0.561523
0.776855
0.444336
-0.047363
0.901855
1.053711
0.941406
0.663086
0.797363
0.215332
0.531250
1.015625
0.467773
0.458496
-0.263672
0.987305
0.600586
0.341309
0.121155
0.047852
-0.029114
-0.216309
0.528320
0.780273
0.207275
-0.042236
-0.227295
0.234497
0.219238
0.355957
0.034668
0.250488
0.059570
0.781250
0.437988
0.365967
-0.416748
0.111816
0.293701
-0.280273
-0.137207
-0.032227
0.061768
0.226562
0.613281
0.733887
0.605469
0.147339
0.006714
0.283203
0.101562
0.584961
0.716797
0.561523
0.455566
0.343506
0.245483
0.372803
0.676758
0.145020
0.754395
0.484131
0.096191
0.604980
0.386963
0.424805
0.941406
1.125977
0.835938
0.672363
1.188477
0.703125
0.497559
-0.092285
0.082520
-0.879883
0.039062
0.859863
0.059021
0.502930
0.228760
0.230469
0.159546
0.450684
0.450195
0.280273
0.322510
0.318115
0.963379
0.338867
0.304932
0.516602
0.448975
0.774414
0.746582
0.326172
-0.279785
0.626953
0.345703
0.848145
0.865234
-0.322998
0.318848
0.175293
0.032776
0.067810
-0.117676
0.272949
-0.150391
0.230835
0.174561
-0.149414
-0.625488
-0.154541
-0.184326
0.085938
0.432861
0.724609
-0.345459
-0.556641
-1.193359
-0.113770
0.000000
0.000000
0.000000
0.000000
0.000000
0.000000
0.000000
0.000000
0.000000
0.000000
0.000000
0.000000
0.000000
0.000000
0.000000
0.000000
0.000000
0.000000
0.000000
0.000000
0.000000
2.326172
1.552734
1.527344
0.583984
0.884766
0.407471
1.095703
0.255859
0.625977
-1.559570
0.489258
0.205322
0.135010
0.408936
0.490967
-0.054688
-0.486328
-0.363770
-0.901855
0.385254
-1.119141
0.232788
-1.431641
0.305176
0.444580
0.581543
-0.734375
0.805176
0.593750
-0.467285
0.256104
0.588379
-1.073242
-0.516113
0.412842
0.384766
-1.091797
0.315186
0.805176
-0.892578
0.218262
-0.456543
0.201416
-0.367676
-1.003906
0.679688
0.467529
-0.294434
-0.537109
1.134766
1.398438
0.567871
-0.250488
0.467529
-0.946777
0.566406
0.309814
-1.013672
0.348389
-0.894043
0.159180
0.267822
-1.613281
-0.755859
-0.654297
-0.306641
-0.475098
0.459717
-1.120117
-1.265625
0.327881
0.432617
-2.179688
0.310303
-1.544922
-0.769531
-0.581543
-0.817871
0.971191
-1.959961
-0.666016
-0.304688
-0.240234
-0.887695
1.169922
-1.388672
-0.777832
0.097961
-0.461914
0.927734
-0.549805
0.294678
-1.427734
2.125000
0.994141
-1.068359
0.998535
0.333496
-0.746094
-0.629883
-1.995117
0.846680
-1.686523
-0.795898
-0.985352
0.372559
0.620117
-0.435547
-0.656250
-1.050781
-1.257812
-0.343750
-0.245605
-1.121094
0.206665
-0.103027
-0.445312
-1.468750
-0.571777
-0.463379
0.033936
-0.865723
-0.606934
-1.015625
-1.986328
0.851562
0.447998
-1.125977
0.370605
0.232056
0.524902
0.610352
1.462891
1.220703
0.471191
-0.300293
0.421387
0.373047
-0.849609
0.820312
-0.775391
0.260498
-0.811523
-0.464844
-0.708496
-0.494141
0.337646
1.027344
0.281738
0.892578
-0.687988
-1.132812
0.292725
0.550781
-0.892578
0.148315
-0.350586
0.650391
0.763672
-0.684570
0.552246
-0.422852
-0.359863
-0.294434
0.573730
-1.095703
-0.544922
0.837402
-0.656250
0.809082
1.150391
0.563965
0.727539
1.539062
-1.226562
1.240234
1.898438
1.488281
2.412109
0.000977
0.000977
0.000977
0.000977
0.000977
0.000977
0.000977
0.000977
0.000977
0.000977
0.000977
0.000977
0.000977
0.000977
0.000977
0.000977
0.000977
0.000977
0.000977
0.000977
0.000977
