2.314453
1.541016
1.515625
0.571777
0.872559
0.395264
1.083984
0.243652
0.613770
-1.571289
0.477051
0.193115
0.122864
0.396729
0.478760
-0.066833
-0.498535
-0.375977
-0.914062
0.373047
-1.130859
0.220581
-1.443359
0.292969
0.432373
0.569336
-0.746582
0.792969
0.581543
-0.479492
0.243896
0.576172
-1.084961
-0.528320
0.400635
0.372559
-1.103516
0.302979
0.792969
-0.904785
0.206055
-0.468750
0.189209
-0.379883
-1.015625
0.667480
0.455322
-0.306641
-0.549316
1.123047
1.386719
0.555664
-0.262695
0.455322
-0.958984
0.554199
0.297607
-1.025391
0.336182
-0.906250
0.146973
0.255615
-1.625000
-0.768066
-0.666504
-0.318848
-0.487305
0.447510
-1.131836
-1.277344
0.315674
0.420410
-2.191406
0.298096
-1.556641
-0.781738
-0.593750
-0.830078
0.958984
-1.971680
-0.678223
-0.316895
-0.252441
-0.899902
1.158203
-1.400391
-0.790039
0.085815
-0.474121
0.915527
-0.562012
0.282471
-1.439453
2.113281
0.981934
-1.080078
0.986328
0.321289
-0.758301
-0.642090
-2.007812
0.834473
-1.698242
-0.808105
-0.997559
0.360352
0.607910
-0.447754
-0.668457
-1.062500
-1.269531
-0.355957
-0.257812
-1.132812
0.194458
-0.115173
-0.457520
-1.480469
-0.583984
-0.475586
0.021774
-0.877930
-0.619141
-1.027344
-1.998047
0.839355
0.435791
-1.137695
0.358398
0.219849
0.512695
0.598145
1.451172
1.208984
0.458984
-0.312500
0.409180
0.360840
-0.861816
0.808105
-0.787598
0.248291
-0.823730
-0.477051
-0.720703
-0.506348
0.325439
1.015625
0.269531
0.880371
-0.700195
-1.144531
0.280518
0.538574
-0.904785
0.136108
-0.362793
0.638184
0.751465
-0.696777
0.540039
-0.435059
-0.372070
-0.306641
0.561523
-1.107422
-0.557129
0.825195
-0.668457
0.796875
1.138672
0.551758
0.715332
1.527344
-1.238281
1.228516
1.886719
1.476562
2.400391
-0.012161
-0.012161
-0.012161
-0.012161
-0.012161
-0.012161
-0.012161
-0.012161
-0.012161
-0.012161
-0.012161
-0.012161
-0.012161
-0.012161
-0.012161
-0.012161
-0.012161
-0.012161
-0.012161
-0.012161
-0.012161
-0.690918
-0.408936
-0.187744
-0.020370
-0.373535
0.008804
-0.187256
0.287842
-0.051758
-0.047607
0.090454
-0.481445
0.250732
0.387695
0.012955
0.520508
0.799316
1.161133
1.333984
1.013672
0.474854
0.219971
0.775391
0.268066
0.581543
0.547363
0.873535
0.674805
0.473389
0.109741
-0.259033
0.117920
0.788574
0.462891
0.843262
0.211060
0.875488
0.472412
0.122070
0.466553
0.562500
0.192017
0.113342
0.483154
0.842285
0.050903
0.114746
-0.031982
-0.120361
-0.099854
-0.253662
-0.239258
0.523926
0.247559
0.629395
0.282715
0.697266
0.563965
0.779297
0.446533
-0.045166
0.904297
1.055664
0.943848
0.665527
0.799805
0.217529
0.533691
1.017578
0.469971
0.460693
-0.261475
0.989746
0.603027
0.343506
0.123352
0.050049
-0.026901
-0.214111
0.530762
0.782715
0.209473
-0.040039
-0.225098
0.236694
0.221436
0.358154
0.036865
0.252686
0.061768
0.783691
0.440186
0.368164
-0.414551
0.114014
0.295898
-0.278076
-0.135010
-0.030014
0.063965
0.228760
0.615723
0.736328
0.607910
0.149536
0.008926
0.285400
0.103760
0.587402
0.719238
0.563965
0.457764
0.345703
0.247681
0.375000
0.679199
0.147217
0.756836
0.486328
0.098389
0.607422
0.389160
0.427002
0.943848
1.127930
0.838379
0.674805
1.190430
0.705566
0.499756
-0.090088
0.084717
-0.877441
0.041260
0.862305
0.061218
0.505371
0.230957
0.232666
0.161743
0.452881
0.452393
0.282471
0.324707
0.320312
0.965820
0.341064
0.307129
0.519043
0.451172
0.776855
0.749023
0.328369
-0.277588
0.629395
0.347900
0.850586
0.867676
-0.320801
0.321045
0.177490
0.034973
0.070007
-0.115479
0.275146
-0.148193
0.233032
0.176758
-0.147217
-0.623047
-0.152344
-0.182129
0.088135
0.435059
0.727051
-0.343262
-0.554199
-1.191406
-0.111572
0.002213
0.002213
0.002213
0.002213
0.002213
0.002213
0.002213
0.002213
0.002213
0.002213
0.002213
0.002213
0.002213
0.002213
0.002213
0.002213
0.002213
0.002213
0.002213
0.002213
0.002213
