0.168579
0.086975
0.912109
0.041565
1.145508
0.032715
1.083984
0.025726
0.342773
1.473633
0.046997
0.003872
0.000471
0.030212
0.076538
0.878906
0.717773
0.407227
0.198242
0.060516
1.232422
0.002001
1.450195
0.026154
0.302246
0.233643
0.411621
0.509766
0.202271
1.692383
0.004631
0.124634
0.665527
0.875977
0.211304
0.133179
1.228516
0.045898
1.475586
0.748535
0.002625
1.108398
0.005547
1.379883
1.523438
0.472656
0.042572
2.769531
1.971680
0.220459
0.346191
0.138306
1.508789
0.084106
0.942383
0.114319
0.024078
0.640625
0.077209
1.298828
0.000731
0.019394
1.226562
0.940430
0.974609
1.005859
1.651367
0.204834
1.309570
1.572266
0.011681
0.010017
1.149414
0.005108
1.473633
2.625000
3.240234
1.930664
1.019531
1.483398
1.213867
1.215820
2.791016
1.452148
0.595215
1.336914
1.552734
0.000020
2.437500
0.779297
0.611816
0.038330
1.156250
2.119141
0.716797
0.873535
0.653809
0.019440
1.475586
1.401367
1.158203
0.639648
1.170898
0.756348
1.644531
0.020370
0.125977
1.808594
1.077148
1.338867
1.350586
2.185547
2.554688
1.560547
0.004280
1.087891
1.659180
1.215820
1.047852
1.628906
0.000001
0.926270
1.019531
0.601074
1.035156
0.665039
0.128662
0.340576
0.038147
0.007324
0.048615
0.018799
0.359619
0.575195
0.093445
1.575195
0.032562
0.139893
1.112305
1.061523
0.919434
0.003630
1.007812
1.176758
0.547852
0.471436
0.030380
1.827148
0.025345
2.335938
0.788086
1.419922
0.008713
0.266357
0.867188
0.000211
0.875488
0.631348
0.467285
1.922852
0.077026
1.557617
2.595703
3.574219
0.227295
2.125000
1.966797
1.130859
1.654297
0.283203
1.110352
0.074341
0.910156
0.887207
1.172852
0.288574
4.667969
0.553711
0.869629
1.707031
1.707031
1.707031
1.707031
1.707031
1.707031
1.707031
1.707031
1.707031
1.707031
1.707031
1.707031
1.707031
1.707031
1.707031
1.707031
1.707031
1.707031
1.707031
1.707031
1.707031
