2.353516
1.566406
1.541016
0.581055
0.887207
0.401855
1.101562
0.247681
0.624023
-1.597656
0.484863
0.196289
0.124878
0.403320
0.486816
-0.067932
-0.506836
-0.382324
-0.929199
0.379150
-1.149414
0.224243
-1.467773
0.297852
0.439453
0.578613
-0.758789
0.806152
0.591309
-0.487549
0.247925
0.585938
-1.102539
-0.537109
0.407227
0.378662
-1.122070
0.308105
0.806152
-0.919922
0.209473
-0.476562
0.192383
-0.386230
-1.032227
0.678711
0.462891
-0.311768
-0.558594
1.141602
1.410156
0.564941
-0.267090
0.462891
-0.975098
0.563477
0.302490
-1.041992
0.341797
-0.921387
0.149414
0.259766
-1.652344
-0.780762
-0.677734
-0.324219
-0.495361
0.454834
-1.150391
-1.298828
0.320801
0.427490
-2.228516
0.302979
-1.582031
-0.794922
-0.603516
-0.843750
0.975098
-2.003906
-0.689453
-0.322266
-0.256592
-0.915039
1.177734
-1.423828
-0.803223
0.087219
-0.481934
0.930664
-0.571289
0.287109
-1.462891
2.148438
0.998047
-1.097656
1.002930
0.326660
-0.770996
-0.652832
-2.041016
0.848145
-1.726562
-0.821289
-1.013672
0.366455
0.618164
-0.455078
-0.679688
-1.080078
-1.291016
-0.361816
-0.262207
-1.151367
0.197632
-0.117065
-0.465088
-1.504883
-0.593750
-0.483398
0.022141
-0.892578
-0.629395
-1.043945
-2.031250
0.853516
0.443115
-1.156250
0.364258
0.223511
0.520996
0.607910
1.475586
1.229492
0.466553
-0.317627
0.416016
0.366943
-0.875977
0.821289
-0.800781
0.252441
-0.837402
-0.484863
-0.732910
-0.514648
0.330811
1.032227
0.273926
0.895020
-0.711914
-1.163086
0.285156
0.547363
-0.919922
0.138428
-0.368896
0.648926
0.764160
-0.708496
0.548828
-0.442383
-0.378174
-0.311768
0.570801
-1.125977
-0.566406
0.838867
-0.679688
0.810059
1.157227
0.561035
0.727051
1.552734
-1.258789
1.249023
1.917969
1.500977
2.439453
-0.012360
-0.012360
-0.012360
-0.012360
-0.012360
-0.012360
-0.012360
-0.012360
-0.012360
-0.012360
-0.012360
-0.012360
-0.012360
-0.012360
-0.012360
-0.012360
-0.012360
-0.012360
-0.012360
-0.012360
-0.012360
-0.803711
-0.475586
-0.218384
-0.023697
-0.434570
0.010239
-0.217773
0.334717
-0.060211
-0.055359
0.105225
-0.560059
0.291504
0.450928
0.015068
0.605469
0.929688
1.350586
1.551758
1.178711
0.552246
0.255859
0.901855
0.311768
0.676270
0.636719
1.015625
0.784668
0.550781
0.127686
-0.301270
0.137207
0.916992
0.538574
0.980957
0.245483
1.018555
0.549316
0.141968
0.542480
0.654297
0.223389
0.131836
0.562012
0.979492
0.059204
0.133423
-0.037201
-0.140015
-0.116150
-0.294922
-0.278320
0.609375
0.287842
0.731934
0.328857
0.811035
0.655762
0.906250
0.519531
-0.052521
1.051758
1.227539
1.097656
0.773926
0.930176
0.252930
0.620605
1.183594
0.546387
0.535645
-0.304199
1.151367
0.701172
0.399414
0.143433
0.058197
-0.031281
-0.249023
0.617188
0.910156
0.243652
-0.046570
-0.261719
0.275391
0.257568
0.416504
0.042877
0.293945
0.071838
0.911621
0.512207
0.428223
-0.482178
0.132568
0.344238
-0.323486
-0.156982
-0.034912
0.074402
0.266113
0.716309
0.856445
0.707031
0.173950
0.010384
0.332031
0.120667
0.683105
0.836426
0.655762
0.532227
0.402100
0.288086
0.436035
0.790039
0.171265
0.880371
0.565430
0.114441
0.706543
0.452637
0.496582
1.097656
1.311523
0.975098
0.784668
1.384766
0.820801
0.581055
-0.104797
0.098511
-1.020508
0.047974
1.002930
0.071228
0.587891
0.268555
0.270508
0.188110
0.526855
0.526367
0.328613
0.377686
0.372559
1.123047
0.396729
0.357178
0.603516
0.524902
0.903320
0.871094
0.381836
-0.322754
0.731934
0.404541
0.989258
1.008789
-0.373047
0.373291
0.206421
0.040680
0.081421
-0.134277
0.320068
-0.172363
0.270996
0.205566
-0.171265
-0.724609
-0.177246
-0.211792
0.102478
0.505859
0.845703
-0.399170
-0.644531
-1.385742
-0.129761
0.002573
0.002573
0.002573
0.002573
0.002573
0.002573
0.002573
0.002573
0.002573
0.002573
0.002573
0.002573
0.002573
0.002573
0.002573
0.002573
0.002573
0.002573
0.002573
0.002573
0.002573
