-1.266602
1.236328
-0.321533
0.051819
-1.047852
-0.085999
-0.808594
0.266602
-1.352539
-1.019531
0.320557
-1.877930
-0.125122
0.782227
-1.099609
0.015572
0.333252
1.513672
2.158203
1.023438
-0.068420
-1.342773
0.665527
-0.714844
0.679688
0.609375
1.539062
1.559570
0.894043
-0.143555
-0.869141
0.099609
1.096680
0.022598
1.567383
-0.837891
1.192383
0.626953
-0.668945
0.443115
0.804199
-0.613281
-0.646973
0.268555
1.004883
-0.059326
-0.157715
-1.369141
-0.921875
1.062500
0.297119
-1.488281
0.725586
-0.707520
0.517090
0.042816
1.193359
0.304932
1.024414
0.039398
-1.167969
1.516602
1.077148
0.684082
0.073608
0.581543
-0.901855
0.286865
1.293945
-0.136108
0.448975
-1.579102
1.625000
0.427246
-0.448486
-0.637207
-0.605957
-0.029419
-0.743164
-0.315430
0.710938
-0.774414
-1.177734
-1.199219
0.069824
-0.794922
-0.366211
-1.291992
-0.380127
-1.427734
1.151367
-0.058685
0.623535
0.207764
0.796875
0.260498
-0.687012
-1.156250
-1.137695
-1.339844
-0.627930
0.538086
0.212646
-0.227295
-0.596680
-0.343262
0.628906
-0.672852
0.157593
0.086365
-0.084412
-0.001461
0.007843
-0.300537
0.179199
1.178711
-0.756836
0.669922
0.106323
-0.863281
0.532227
-0.549805
-0.546875
0.380859
1.072266
0.901855
-0.085510
1.736328
0.441895
0.518066
-0.540039
2.070312
-0.355713
0.175659
1.624023
-0.431396
0.782715
-0.578125
-0.066528
-0.071045
-0.013397
-0.347168
-0.670410
-0.413086
-0.547852
1.052734
0.554199
0.676758
0.365479
0.203857
0.586914
0.786621
0.825684
-1.243164
0.575684
-0.325439
1.613281
2.210938
-1.260742
0.431152
0.079224
-0.582520
-0.634766
-0.669922
-0.101135
-2.140625
-0.657227
-0.785156
-0.472900
-0.471680
-0.096680
-0.557129
0.219116
0.740234
1.022461
0.040436
0.717773
-0.229980
0.403564
0.000000
-0.000000
-0.000000
-0.000000
-0.000000
0.000000
0.000000
0.000000
0.000000
-0.000000
0.000000
0.000000
0.000000
0.000000
0.000000
-0.000000
-0.000000
0.000000
-0.000000
-0.000000
-0.000000
