1.339844
0.696777
1.180664
0.619141
0.837891
0.682617
1.417969
0.228027
1.097656
-1.296875
0.561523
0.160156
0.394043
0.556641
0.680176
-0.217773
-0.397461
-0.645996
-1.273438
-0.404785
-0.990723
0.186523
-1.214844
0.531250
0.219971
0.142578
-0.856934
0.095093
0.172363
-0.033936
0.535645
0.536133
-0.865234
-0.284668
0.318604
0.397461
-0.900391
0.290527
0.816406
-0.665039
0.074707
-0.184082
0.201172
-0.033691
-0.660156
0.865723
0.751953
0.372559
-0.048828
0.679688
0.995117
0.903320
0.098633
0.535645
-0.574219
0.468750
-0.179688
-0.844727
0.155273
-0.490723
0.237793
-0.068359
-1.507812
-0.467285
-0.344238
-0.164551
-0.025879
0.379883
-0.935547
-0.992188
0.533203
0.758789
-2.031250
0.093262
-1.266602
-0.150391
0.085449
-0.351074
1.191406
-1.710938
-0.248535
-0.033691
0.359375
-0.433105
0.862305
-1.172852
-0.267578
0.519043
0.224609
0.729004
-0.444824
-0.175659
-1.320312
1.772461
0.586426
-0.682129
1.425781
0.645508
-0.203979
-0.261230
-1.832031
0.221191
-1.481445
-0.544922
-0.537598
0.496094
0.513184
-0.005615
-0.353271
-0.809570
-1.023438
0.132324
0.231689
-0.819336
0.271484
-0.128418
-0.030762
-1.282227
-0.308105
-0.031006
-0.126465
-0.601562
-0.350098
-0.836914
-1.872070
0.494141
0.027832
-1.146484
-0.297607
-0.126953
0.227051
0.339355
1.376953
1.206055
0.309326
0.056152
0.567871
0.348877
-0.486816
0.690430
-0.498047
0.099609
-0.490479
-0.217773
-0.739258
-0.732422
-0.194336
0.800293
0.209473
0.643555
-0.398438
-0.887695
0.381348
0.629883
-0.654297
0.083496
-0.297119
0.445068
0.934570
-0.127930
0.571289
-0.024902
0.273926
0.552734
0.999023
-0.527832
0.076660
0.926758
-0.233887
0.773926
1.209961
0.950684
0.793945
0.871582
-1.076172
0.729492
1.277344
1.072266
1.272461
-0.000000
0.000000
-0.000000
-0.000000
0.000000
-0.000000
0.000000
0.000000
-0.000000
-0.000000
0.000000
-0.000000
0.000000
0.000000
-0.000000
0.000000
0.000000
0.000000
-0.000000
0.000000
0.000000
-0.693359
-0.411133
-0.189941
-0.022583
-0.375732
0.006592
-0.189453
0.285645
-0.053955
-0.049805
0.088257
-0.483643
0.248413
0.385498
0.010742
0.518066
0.796875
1.159180
1.332031
1.011719
0.472656
0.217773
0.772949
0.265869
0.579102
0.544922
0.871094
0.672363
0.471191
0.107544
-0.261230
0.115723
0.786133
0.460693
0.840820
0.208862
0.873047
0.470215
0.119873
0.464355
0.560059
0.189819
0.111145
0.480957
0.839844
0.048706
0.112549
-0.034180
-0.122559
-0.102051
-0.255859
-0.241455
0.521484
0.245361
0.626953
0.280518
0.694824
0.561523
0.776855
0.444336
-0.047363
0.901855
1.053711
0.941406
0.663086
0.797363
0.215332
0.531250
1.015625
0.467773
0.458496
-0.263672
0.987305
0.600586
0.341309
0.121155
0.047852
-0.029114
-0.216309
0.528320
0.780273
0.207275
-0.042236
-0.227295
0.234497
0.219238
0.355957
0.034668
0.250488
0.059570
0.781250
0.437988
0.365967
-0.416748
0.111816
0.293701
-0.280273
-0.137207
-0.032227
0.061768
0.226562
0.613281
0.733887
0.605469
0.147339
0.006714
0.283203
0.101562
0.584961
0.716797
0.561523
0.455566
0.343506
0.245483
0.372803
0.676758
0.145020
0.754395
0.484131
0.096191
0.604980
0.386963
0.424805
0.941406
1.125977
0.835938
0.672363
1.188477
0.703125
0.497559
-0.092285
0.082520
-0.879883
0.039062
0.859863
0.059021
0.502930
0.228760
0.230469
0.159546
0.450684
0.450195
0.280273
0.322510
0.318115
0.963379
0.338867
0.304932
0.516602
0.448975
0.774414
0.746582
0.326172
-0.279785
0.626953
0.345703
0.848145
0.865234
-0.322998
0.318848
0.175293
0.032776
0.067810
-0.117676
0.272949
-0.150391
0.230835
0.174561
-0.149414
-0.625488
-0.154541
-0.184326
0.085938
0.432861
0.724609
-0.345459
-0.556641
-1.193359
-0.113770
0.000000
0.000000
0.000000
0.000000
0.000000
0.000000
0.000000
0.000000
0.000000
0.000000
0.000000
0.000000
0.000000
0.000000
0.000000
0.000000
0.000000
0.000000
0.000000
0.000000
0.000000
