1.339844
0.696777
1.180664
0.619141
0.837891
0.682617
1.417969
0.228027
1.097656
-1.296875
0.561523
0.160156
0.394043
0.556641
0.680176
-0.217773
-0.397461
-0.645996
-1.273438
-0.404785
-0.990723
0.186523
-1.214844
0.531250
0.219971
0.142578
-0.856934
0.095093
0.172363
-0.033936
0.535645
0.536133
-0.865234
-0.284668
0.318604
0.397461
-0.900391
0.290527
0.816406
-0.665039
0.074707
-0.184082
0.201172
-0.033691
-0.660156
0.865723
0.751953
0.372559
-0.048828
0.679688
0.995117
0.903320
0.098633
0.535645
-0.574219
0.468750
-0.179688
-0.844727
0.155273
-0.490723
0.237793
-0.068359
-1.507812
-0.467285
-0.344238
-0.164551
-0.025879
0.379883
-0.935547
-0.992188
0.533203
0.758789
-2.031250
0.093262
-1.266602
-0.150391
0.085449
-0.351074
1.191406
-1.710938
-0.248535
-0.033691
0.359375
-0.433105
0.862305
-1.172852
-0.267578
0.519043
0.224609
0.729004
-0.444824
-0.175659
-1.320312
1.772461
0.586426
-0.682129
1.425781
0.645508
-0.203979
-0.261230
-1.832031
0.221191
-1.481445
-0.544922
-0.537598
0.496094
0.513184
-0.005615
-0.353271
-0.809570
-1.023438
0.132324
0.231689
-0.819336
0.271484
-0.128418
-0.030762
-1.282227
-0.308105
-0.031006
-0.126465
-0.601562
-0.350098
-0.836914
-1.872070
0.494141
0.027832
-1.146484
-0.297607
-0.126953
0.227051
0.339355
1.376953
1.206055
0.309326
0.056152
0.567871
0.348877
-0.486816
0.690430
-0.498047
0.099609
-0.490479
-0.217773
-0.739258
-0.732422
-0.194336
0.800293
0.209473
0.643555
-0.398438
-0.887695
0.381348
0.629883
-0.654297
0.083496
-0.297119
0.445068
0.934570
-0.127930
0.571289
-0.024902
0.273926
0.552734
0.999023
-0.527832
0.076660
0.926758
-0.233887
0.773926
1.209961
0.950684
0.793945
0.871582
-1.076172
0.729492
1.277344
1.072266
1.272461
-0.000000
0.000000
-0.000000
-0.000000
0.000000
-0.000000
0.000000
0.000000
-0.000000
-0.000000
0.000000
-0.000000
0.000000
0.000000
-0.000000
0.000000
0.000000
0.000000
-0.000000
0.000000
0.000000
