0.999023
1.233398
1.182617
1.062500
1.263672
0.000000
0.390625
0.281738
0.708984
0.045624
0.999023
0.999023
1.050781
1.126953
1.043945
1.039062
0.000001
0.456299
0.551270
1.590820
0.022537
0.999023
0.999023
1.056641
1.102539
1.002930
1.049805
0.000018
0.582031
0.973633
0.195801
0.382568
0.999023
0.999023
1.320312
1.221680
1.114258
1.228516
0.000039
0.644531
0.832031
0.352783
0.002399
0.999023
0.999023
1.354492
1.146484
1.070312
1.193359
0.000037
0.683105
0.870605
1.929688
0.001321
0.999023
0.999023
1.341797
1.247070
1.097656
1.275391
0.000021
0.701660
0.857910
1.891602
0.003092
0.999023
0.999023
1.284180
1.269531
1.097656
1.308594
0.000028
0.721191
0.914062
1.770508
0.006386
0.999023
0.999023
1.185547
1.203125
1.062500
1.150391
0.000009
0.709473
0.720703
2.121094
0.499268
0.999023
0.999023
1.271484
1.204102
1.085938
1.301758
0.002045
0.815430
0.234619
4.386719
0.037598
0.999023
0.999023
1.170898
1.105469
1.048828
1.179688
0.000076
0.620605
0.451660
2.255859
0.000229
0.999023
0.999023
1.139648
1.121094
1.052734
1.190430
0.000033
0.652832
0.630859
0.324219
0.000055
0.999023
0.999023
1.167969
1.108398
1.044922
1.147461
0.000018
0.698242
0.626953
0.714355
0.000669
0.999023
0.999023
1.361328
1.110352
1.062500
1.259766
0.000106
0.665527
0.398438
1.461914
3.839844
0.999023
0.999023
1.366211
1.163086
1.059570
1.196289
0.000028
0.613770
0.708008
0.528809
4.824219
0.999023
0.999023
1.392578
1.126953
1.066406
1.199219
0.000043
0.680664
0.736816
0.539062
2.296875
0.999023
0.999023
1.226562
1.061523
1.022461
1.014648
0.000003
0.614258
0.742188
1.590820
4.007812
0.999023
0.999023
1.289062
1.102539
1.020508
1.023438
0.000021
0.595703
0.852539
0.144775
0.752930
0.999023
0.999023
1.244141
1.048828
0.973145
0.936523
0.000098
0.586426
0.790039
0.434570
0.578125
0.999023
0.999023
1.017578
0.955078
0.940918
0.828125
0.000028
0.611328
0.868652
1.029297
0.028458
0.999023
0.999023
1.073242
1.034180
0.984863
0.925781
0.000026
0.603027
1.314453
0.650879
0.000220
0.999023
0.999023
1.182617
1.064453
1.024414
1.041016
0.000075
0.618164
1.152344
0.567871
0.000998
0.999023
0.999023
1.244141
1.125000
1.074219
1.162109
0.000335
0.609375
0.864746
0.629883
0.105530
0.999023
0.999023
1.213867
1.148438
1.056641
1.177734
0.000434
0.697266
0.690430
0.618164
0.031891
0.999023
0.999023
1.316406
1.243164
1.086914
1.254883
0.000092
0.758301
0.436523
0.026505
0.024582
0.999023
0.999023
1.174805
1.175781
1.037109
1.046875
0.000022
0.674805
0.361084
1.375000
0.009491
0.999023
0.999023
1.021484
1.097656
1.012695
1.004883
0.000064
0.603516
0.777344
1.237305
0.010582
0.999023
0.999023
1.023438
1.070312
0.986328
0.912598
0.000068
0.509766
1.289062
0.029129
0.178345
0.999023
0.999023
1.078125
1.062500
0.992188
0.950195
0.000039
0.484131
1.425781
0.004143
0.230347
0.999023
0.999023
1.058594
1.050781
0.998047
0.996582
0.000015
0.610840
1.200195
0.171753
1.889648
0.999023
0.999023
1.070312
1.109375
1.062500
1.189453
0.000081
0.704590
0.696289
0.180908
0.264160
0.999023
0.999023
1.133789
1.109375
1.080078
1.290039
0.000242
0.684082
0.758789
0.725098
0.022278
0.999023
0.999023
1.149414
1.098633
1.056641
1.145508
0.000158
0.629395
0.911133
0.662598
0.000074
0.999023
0.999023
1.161133
1.065430
1.034180
1.080078
0.000088
0.606934
1.009766
0.589844
0.009239
0.999023
0.999023
1.123047
1.094727
1.051758
1.111328
0.000008
0.637207
0.714844
0.684570
0.401367
0.999023
0.999023
1.148438
1.138672
1.046875
1.120117
0.000023
0.747070
0.333984
0.633301
0.018356
0.999023
0.999023
1.114258
1.161133
1.038086
1.170898
0.000085
0.708984
0.694336
0.456543
1.561523
0.999023
0.999023
1.060547
1.142578
1.004883
1.075195
0.000060
0.681641
0.706543
0.153564
2.615234
0.999023
0.999023
1.188477
1.164062
1.057617
1.178711
0.000133
0.730957
0.402100
0.318115
0.864258
0.999023
0.999023
1.191406
1.083984
1.065430
1.178711
0.000061
0.772461
0.333984
2.417969
1.047852
0.999023
0.999023
1.159180
1.052734
1.050781
1.120117
0.000148
0.684082
0.490234
2.335938
0.289062
0.999023
0.999023
1.114258
1.055664
1.057617
1.132812
0.000577
0.617188
0.686523
4.191406
0.100220
0.999023
0.999023
1.169922
1.090820
1.045898
1.130859
0.000323
0.606934
0.785645
2.144531
0.038055
0.999023
0.999023
1.233398
1.136719
1.070312
1.203125
0.000032
0.752930
0.514160
0.374756
0.455811
0.999023
0.999023
1.210938
1.138672
1.073242
1.167969
0.000064
0.767578
0.322998
1.218750
0.008286
0.999023
0.999023
1.309570
1.114258
1.074219
1.205078
0.000167
0.665527
0.333252
0.192139
5.648438
0.999023
0.999023
1.361328
1.196289
1.111328
1.258789
0.000074
0.598633
0.817871
0.035492
5.328125
0.999023
0.999023
1.290039
1.170898
1.098633
1.251953
0.000113
0.666016
0.654297
0.926270
3.189453
0.999023
0.999023
1.451172
1.183594
1.089844
1.245117
0.000010
0.697266
0.799805
0.192505
0.095459
0.999023
0.999023
1.473633
1.132812
1.068359
1.215820
0.000009
0.645996
1.064453
0.052429
0.052124
0.999023
0.999023
1.410156
1.075195
1.058594
1.141602
0.000074
0.515137
1.595703
1.529297
0.000245
0.999023
0.999023
1.484375
1.107422
1.035156
1.106445
0.000013
0.597656
1.701172
1.678711
0.004047
0.999023
0.999023
1.495117
1.211914
1.081055
1.303711
0.000036
0.736328
0.821777
0.166504
0.010185
0.999023
0.999023
1.377930
1.208008
1.057617
1.175781
0.000021
0.625488
0.913574
0.175171
0.161865
0.999023
0.999023
1.284180
1.176758
1.051758
1.186523
0.000028
0.684570
0.675781
0.291260
0.003614
0.999023
0.999023
1.226562
1.204102
1.045898
1.189453
0.000057
0.661621
0.635742
0.496338
1.775391
0.999023
0.999023
1.179688
1.129883
1.049805
1.166992
0.000076
0.600098
0.822754
0.751465
0.043915
0.999023
0.999023
1.073242
1.061523
1.003906
1.005859
0.000105
0.563965
1.000977
0.199829
0.073730
0.999023
0.999023
1.106445
1.083984
1.027344
1.072266
0.000249
0.588379
0.915527
0.094971
0.436523
0.999023
0.999023
1.144531
1.110352
1.039062
1.115234
0.000298
0.718262
0.480957
0.234253
2.441406
0.999023
0.999023
1.145508
1.119141
1.100586
1.308594
0.003304
0.698242
0.364502
0.329346
0.200928
0.999023
0.999023
1.153320
1.095703
1.086914
1.221680
0.000710
0.685547
0.432861
0.889160
0.001074
0.999023
0.999023
1.139648
1.083008
1.047852
1.076172
0.000522
0.691406
0.543945
1.215820
0.000232
0.999023
0.999023
1.099609
1.066406
1.043945
1.122070
0.001074
0.711914
0.291748
3.482422
0.273682
0.999023
0.999023
1.098633
1.095703
1.054688
1.155273
0.000573
0.782227
0.145508
5.125000
2.707031
0.999023
0.999023
1.126953
1.084961
1.044922
1.137695
0.000140
0.728516
0.453125
1.540039
4.390625
0.999023
0.999023
1.089844
1.082031
1.019531
1.094727
0.000136
0.635254
0.781250
0.222046
4.941406
0.999023
0.999023
1.072266
1.105469
1.060547
1.255859
0.000218
0.694336
0.666992
0.487305
4.300781
0.999023
0.999023
1.071289
1.061523
1.043945
1.177734
0.000408
0.681152
0.339355
1.557617
1.472656
0.999023
0.999023
1.145508
1.083984
1.039062
1.144531
0.000498
0.678711
0.226440
0.916504
0.006954
0.999023
0.999023
1.228516
1.091797
1.072266
1.309570
0.002272
0.736328
0.213257
0.437744
0.378906
0.999023
0.999023
1.244141
1.132812
1.081055
1.283203
0.001689
0.648926
0.283936
0.876465
5.140625
0.999023
0.999023
1.287109
1.105469
1.095703
1.312500
0.000730
0.576172
0.744629
0.287354
5.902344
0.999023
0.999023
1.166016
1.046875
1.041016
1.085938
0.000701
0.487305
0.867188
0.334717
8.054688
0.999023
0.999023
1.208984
1.045898
1.026367
1.076172
0.000680
0.494873
0.842285
0.575684
6.156250
0.999023
0.999023
1.264648
1.074219
1.047852
1.167969
0.000555
0.554688
0.851074
0.746582
3.853516
0.999023
0.999023
1.419922
1.079102
1.100586
1.400391
0.000937
0.643555
0.384766
0.575684
1.833008
0.999023
0.999023
1.354492
1.103516
1.115234
1.381836
0.000515
0.624023
0.663574
1.004883
0.005791
0.999023
0.999023
1.284180
1.098633
1.083984
1.307617
0.000644
0.621582
0.765625
1.172852
0.000488
0.999023
0.999023
1.322266
1.134766
1.112305
1.333984
0.000360
0.691895
0.584961
0.648926
0.004803
0.999023
0.999023
1.333008
1.139648
1.093750
1.359375
0.000587
0.680664
0.815430
0.098938
0.490234
0.999023
0.999023
1.236328
1.222656
1.067383
1.186523
0.000213
0.725098
0.472412
0.170044
0.524902
0.999023
0.999023
1.226562
1.175781
1.060547
1.150391
0.000010
0.657715
0.475830
1.571289
0.842285
0.999023
0.999023
1.224609
1.184570
1.092773
1.288086
0.000104
0.648926
0.615234
0.927734
0.139648
0.999023
0.999023
1.245117
1.214844
1.096680
1.233398
0.000231
0.562500
1.061523
0.068787
0.001736
0.999023
0.999023
1.284180
1.158203
1.072266
1.153320
0.000162
0.565918
0.988281
0.035095
0.004547
0.999023
0.999023
1.250000
1.103516
1.061523
1.134766
0.000128
0.642578
0.692383
1.500977
0.008987
0.999023
0.999023
1.372070
1.132812
1.069336
1.249023
0.000065
0.647949
0.589355
1.346680
6.394531
0.999023
0.999023
1.401367
1.196289
1.082031
1.254883
0.000021
0.566895
0.857422
0.069946
7.035156
0.999023
0.999023
1.397461
1.166016
1.099609
1.251953
0.000100
0.654297
0.767090
1.823242
4.527344
0.999023
0.999023
1.378906
1.169922
1.075195
1.123047
0.000008
0.620605
0.770020
0.440186
2.302734
0.999023
0.999023
1.448242
1.168945
1.039062
1.029297
0.000011
0.617676
0.770996
0.601074
0.006847
0.999023
0.999023
1.346680
1.049805
1.017578
1.021484
0.000016
0.685547
0.560547
0.170288
0.007664
0.999023
0.999023
1.262695
1.056641
1.041016
1.063477
0.000013
0.624512
1.185547
0.250000
0.002594
0.999023
0.999023
1.375977
1.103516
1.083984
1.208008
0.000034
0.556152
0.973633
2.328125
0.000020
0.999023
0.999023
1.391602
1.142578
1.053711
1.074219
0.000006
0.620605
1.103516
0.672852
0.000075
0.999023
0.999023
1.386719
1.207031
1.068359
1.177734
0.000022
0.639160
0.784180
0.319336
0.001250
0.999023
0.999023
1.553711
1.263672
1.127930
1.407227
0.000018
0.691895
0.729492
0.605957
0.000301
0.999023
0.999023
1.429688
1.198242
1.083984
1.309570
0.000027
0.692871
0.981934
0.311279
0.000514
0.999023
0.999023
1.267578
1.204102
1.089844
1.280273
0.000038
0.673340
0.520020
1.220703
0.000856
0.999023
0.999023
1.221680
1.132812
1.043945
1.142578
0.000089
0.502441
0.708008
1.676758
0.001275
0.999023
0.999023
1.166992
1.097656
1.011719
1.071289
0.000053
0.580078
1.150391
0.537598
0.000255
0.999023
0.999023
1.133789
1.048828
0.985352
0.984375
0.000004
0.560547
1.221680
0.185425
0.001020
0.999023
0.999023
1.141602
1.105469
1.027344
1.077148
0.000008
0.532715
0.971191
0.265869
0.001321
0.999023
0.999023
1.136719
1.119141
1.004883
1.054688
0.000009
0.611816
0.584961
0.265625
0.003010
0.999023
0.999023
1.117188
1.125977
1.031250
1.245117
0.000955
0.612793
0.647949
0.231567
0.023163
0.999023
0.999023
1.141602
1.121094
1.055664
1.241211
0.000981
0.527832
0.775391
1.432617
0.103638
0.999023
0.999023
1.159180
1.102539
1.063477
1.154297
0.000114
0.558105
0.718262
1.380859
0.001637
0.999023
0.999023
1.239258
1.083008
1.046875
1.215820
0.000136
0.692383
0.500977
1.576172
0.000180
0.999023
0.999023
1.148438
1.062500
1.055664
1.141602
0.000145
0.662598
0.472412
0.537109
0.082397
0.999023
0.999023
1.194336
1.079102
1.052734
1.113281
0.000724
0.638184
0.460205
0.347412
1.204102
0.999023
0.999023
1.167969
1.081055
1.053711
1.145508
0.000222
0.679688
0.525391
0.223022
6.511719
0.999023
0.999023
1.179688
1.117188
1.065430
1.205078
0.000649
0.689941
0.577148
0.310059
6.003906
0.999023
0.999023
1.165039
1.133789
1.060547
1.206055
0.001841
0.635254
0.809082
0.144409
2.798828
0.999023
0.999023
1.193359
1.107422
1.057617
1.204102
0.000191
0.733398
0.665039
0.113464
1.632812
0.999023
0.999023
1.131836
1.054688
1.064453
1.230469
0.001100
0.788086
0.418701
1.524414
0.150391
0.999023
0.999023
1.057617
1.021484
1.051758
1.125000
0.000181
0.607422
0.566406
4.566406
0.001070
0.999023
0.999023
1.081055
1.057617
1.071289
1.188477
0.000584
0.568848
0.578613
2.738281
0.047119
0.999023
0.999023
1.086914
1.040039
1.034180
1.092773
0.000066
0.572266
0.712402
4.117188
0.591797
0.999023
0.999023
1.084961
1.083984
1.043945
1.121094
0.000032
0.638184
0.796387
2.705078
0.122803
0.999023
0.999023
1.198242
1.139648
1.084961
1.223633
0.000035
0.731934
0.651367
0.868164
0.064453
0.999023
0.999023
1.157227
1.092773
1.047852
1.102539
0.000148
0.632324
0.991699
1.462891
0.075562
0.999023
0.999023
1.197266
1.110352
1.058594
1.119141
0.000296
0.632324
0.971191
0.308105
0.014000
0.999023
0.999023
1.151367
1.060547
1.042969
1.105469
0.000120
0.677246
0.854004
0.236084
0.867676
0.999023
0.999023
1.154297
1.062500
1.025391
1.071289
0.000151
0.583984
0.845703
0.826172
5.507812
0.999023
0.999023
1.166016
1.111328
0.998535
0.985352
0.000021
0.503418
1.186523
0.059326
6.675781
0.999023
0.999023
1.183594
1.097656
1.030273
1.057617
0.000101
0.530273
0.887207
0.142212
5.332031
0.999023
0.999023
1.234375
1.091797
1.015625
0.993164
0.000076
0.600586
0.524902
1.221680
4.238281
0.999023
0.999023
1.322266
1.071289
1.001953
0.939941
0.000162
0.547852
0.939453
0.104187
0.007092
0.999023
0.999023
1.322266
1.051758
0.972656
0.933105
0.000066
0.527344
1.252930
0.573730
0.008095
0.999023
0.999023
1.314453
1.070312
1.019531
1.073242
0.000056
0.663574
0.778320
0.391113
0.000141
0.999023
0.999023
1.340820
1.031250
1.049805
1.148438
0.000011
0.622070
0.688477
4.160156
0.000000
0.999023
0.999023
1.331055
1.081055
1.049805
1.163086
0.000030
0.494629
1.231445
1.634766
0.000000
0.999023
0.999023
1.430664
1.109375
1.060547
1.248047
0.000030
0.625488
1.000000
0.850586
0.000132
0.999023
0.999023
1.408203
1.083984
1.063477
1.250000
0.000038
0.695312
1.264648
0.468750
0.002092
0.999023
0.999023
1.178711
1.142578
1.060547
1.131836
0.000053
0.586426
0.759766
0.753418
0.666992
0.999023
0.999023
1.177734
1.139648
1.054688
1.152344
0.000046
0.551758
1.036133
0.110962
0.794434
0.999023
0.999023
1.148438
1.175781
1.097656
1.226562
0.000412
0.579102
0.311523
0.305420
3.185547
0.999023
0.999023
1.088867
1.163086
1.056641
1.129883
0.000018
0.692871
0.385254
3.798828
0.007488
0.999023
0.999023
1.093750
1.080078
1.062500
1.218750
0.000067
0.741211
0.303955
2.755859
0.204834
0.999023
0.999023
1.135742
1.058594
1.035156
1.131836
0.000017
0.699707
0.740234
1.733398
0.030914
0.999023
0.999023
1.162109
1.083008
1.038086
1.102539
0.000092
0.625977
0.636230
0.679199
1.014648
0.999023
0.999023
1.155273
1.105469
1.029297
1.088867
0.000408
0.562988
0.783691
0.814941
4.414062
0.999023
0.999023
1.275391
1.094727
1.033203
1.093750
0.000043
0.574219
0.975098
0.066833
3.466797
0.999023
0.999023
1.226562
1.040039
1.043945
1.124023
0.000108
0.738281
0.597168
0.607422
0.093201
0.999023
0.999023
1.163086
0.996582
1.014648
0.988281
0.000012
0.660645
0.812500
1.453125
0.009239
0.999023
0.999023
1.139648
1.063477
1.004883
0.938477
0.000029
0.542969
1.770508
0.567871
0.000014
0.999023
0.999023
1.186523
1.100586
1.018555
1.024414
0.000021
0.596680
1.319336
0.095459
0.000013
0.999023
0.999023
1.224609
1.119141
1.062500
1.129883
0.000046
0.697266
0.978516
0.429199
0.000072
0.999023
0.999023
1.263672
1.148438
1.046875
1.177734
0.000115
0.742676
0.881836
0.308838
0.538086
0.999023
0.999023
1.248047
1.172852
1.022461
1.052734
0.000008
0.723145
1.092773
1.293945
5.554688
0.999023
0.999023
1.200195
1.171875
1.061523
1.089844
0.000078
0.688477
0.484863
3.367188
1.281250
0.999023
0.999023
1.265625
1.145508
1.060547
1.155273
0.000218
0.684570
0.348877
0.700195
0.110962
0.999023
0.999023
1.275391
1.094727
1.072266
1.256836
0.000066
0.636230
0.456299
0.195923
0.003773
0.999023
0.999023
1.284180
1.126953
1.050781
1.223633
0.000025
0.721191
0.551758
0.246582
0.000377
0.999023
0.999023
1.132812
1.088867
1.031250
1.121094
0.000078
0.604004
0.688477
0.516113
0.029633
0.999023
0.999023
1.077148
1.106445
1.068359
1.137695
0.000398
0.600098
0.710938
0.398926
0.156982
0.999023
0.999023
1.095703
1.071289
1.036133
1.060547
0.000075
0.667969
0.663086
0.236450
0.888672
0.999023
0.999023
1.151367
1.080078
1.028320
1.093750
0.000110
0.631836
0.711914
0.229614
0.838867
0.999023
0.999023
1.196289
1.152344
1.090820
1.266602
0.000392
0.570801
0.872070
0.699219
3.507812
0.999023
0.999023
1.248047
1.119141
1.084961
1.257812
0.000566
0.599609
0.620117
1.787109
0.184570
0.999023
0.999023
1.197266
1.083008
1.075195
1.194336
0.000406
0.601562
0.604492
0.220947
0.005054
0.999023
0.999023
1.248047
1.118164
1.076172
1.172852
0.000020
0.714844
0.495850
1.784180
0.000721
0.999023
0.999023
1.241211
1.132812
1.080078
1.272461
0.000011
0.666504
0.384521
2.457031
0.001306
0.999023
0.999023
1.387695
1.231445
1.128906
1.383789
0.000030
0.683594
0.421631
0.271973
0.000039
0.999023
0.999023
1.287109
1.218750
1.073242
1.327148
0.000096
0.768555
0.209717
1.297852
2.001953
0.999023
0.999023
1.388672
1.203125
1.115234
1.398438
0.000622
0.635254
0.518066
0.193481
6.843750
0.999023
0.999023
1.288086
1.175781
1.094727
1.246094
0.001428
0.652832
0.510254
0.345703
0.217651
0.999023
0.999023
1.322266
1.171875
1.090820
1.189453
0.000010
0.756836
0.520508
1.583008
0.002815
0.999023
0.999023
1.360352
1.136719
1.089844
1.206055
0.000028
0.656250
1.191406
1.157227
0.000001
0.999023
0.999023
1.410156
1.136719
1.107422
1.234375
0.000055
0.589355
1.134766
2.390625
0.000008
0.999023
0.999023
1.454102
1.219727
1.070312
1.219727
0.000024
0.744141
0.753906
1.668945
0.000024
0.999023
0.999023
1.457031
1.336914
1.102539
1.289062
0.000004
0.671387
0.854980
2.421875
0.007607
0.999023
0.999023
1.280273
1.219727
1.062500
1.189453
0.000005
0.689453
0.762695
1.361328
0.945801
0.999023
0.999023
1.131836
1.174805
1.047852
0.922852
0.000001
0.509277
1.328125
0.241211
0.407471
0.999023
0.999023
1.076172
1.188477
1.042969
0.968750
0.000077
0.557617
1.118164
0.888672
0.051727
0.999023
0.999023
1.201172
1.197266
1.049805
1.081055
0.000007
0.509766
1.192383
1.340820
0.002636
0.999023
0.999023
1.291016
1.138672
0.996582
1.008789
0.000001
0.542480
1.368164
0.367188
0.000225
0.999023
0.999023
1.286133
1.106445
0.986816
1.033203
0.000002
0.600586
0.873047
0.327393
0.177002
0.999023
0.999023
1.119141
1.108398
0.936523
0.836426
0.000000
0.428711
0.978516
1.778320
0.478516
0.999023
0.999023
0.693359
0.693359
0.693359
0.693359
0.693359
0.693359
0.693359
0.693359
0.693359
0.999023
0.999023
0.693359
0.693359
0.693359
0.693359
0.693359
0.693359
0.693359
0.693359
0.693359
0.999023
0.999023
0.693359
0.693359
0.693359
0.693359
0.693359
0.693359
0.693359
0.693359
0.693359
0.999023
0.999023
0.693359
0.693359
0.693359
0.693359
0.693359
0.693359
0.693359
0.693359
0.693359
0.999023
0.999023
0.693359
0.693359
0.693359
0.693359
0.693359
0.693359
0.693359
0.693359
0.693359
0.999023
0.999023
0.693359
0.693359
0.693359
0.693359
0.693359
0.693359
0.693359
0.693359
0.693359
0.999023
0.999023
0.693359
0.693359
0.693359
0.693359
0.693359
0.693359
0.693359
0.693359
0.693359
0.999023
0.999023
0.693359
0.693359
0.693359
0.693359
0.693359
0.693359
0.693359
0.693359
0.693359
0.999023
0.999023
0.693359
0.693359
0.693359
0.693359
0.693359
0.693359
0.693359
0.693359
0.693359
0.999023
0.999023
0.693359
0.693359
0.693359
0.693359
0.693359
0.693359
0.693359
0.693359
0.693359
0.999023
0.999023
0.693359
0.693359
0.693359
0.693359
0.693359
0.693359
0.693359
0.693359
0.693359
0.999023
0.999023
0.693359
0.693359
0.693359
0.693359
0.693359
0.693359
0.693359
0.693359
0.693359
0.999023
0.999023
0.693359
0.693359
0.693359
0.693359
0.693359
0.693359
0.693359
0.693359
0.693359
0.999023
0.999023
0.693359
0.693359
0.693359
0.693359
0.693359
0.693359
0.693359
0.693359
0.693359
0.999023
0.999023
0.693359
0.693359
0.693359
0.693359
0.693359
0.693359
0.693359
0.693359
0.693359
0.999023
0.999023
0.693359
0.693359
0.693359
0.693359
0.693359
0.693359
0.693359
0.693359
0.693359
0.999023
0.999023
0.693359
0.693359
0.693359
0.693359
0.693359
0.693359
0.693359
0.693359
0.693359
0.999023
0.999023
0.693359
0.693359
0.693359
0.693359
0.693359
0.693359
0.693359
0.693359
0.693359
0.999023
0.999023
0.693359
0.693359
0.693359
0.693359
0.693359
0.693359
0.693359
0.693359
0.693359
0.999023
0.999023
0.693359
0.693359
0.693359
0.693359
0.693359
0.693359
0.693359
0.693359
0.693359
0.999023
0.999023
0.693359
0.693359
0.693359
0.693359
0.693359
0.693359
0.693359
0.693359
0.693359
0.999023
