2.353516
1.566406
1.541016
0.581055
0.887207
0.401855
1.101562
0.247681
0.624023
-1.597656
0.484863
0.196289
0.124878
0.403320
0.486816
-0.067932
-0.506836
-0.382324
-0.929199
0.379150
-1.149414
0.224243
-1.467773
0.297852
0.439453
0.578613
-0.758789
0.806152
0.591309
-0.487549
0.247925
0.585938
-1.102539
-0.537109
0.407227
0.378662
-1.122070
0.308105
0.806152
-0.919922
0.209473
-0.476562
0.192383
-0.386230
-1.032227
0.678711
0.462891
-0.311768
-0.558594
1.141602
1.410156
0.564941
-0.267090
0.462891
-0.975098
0.563477
0.302490
-1.041992
0.341797
-0.921387
0.149414
0.259766
-1.652344
-0.780762
-0.677734
-0.324219
-0.495361
0.454834
-1.150391
-1.298828
0.320801
0.427490
-2.228516
0.302979
-1.582031
-0.794922
-0.603516
-0.843750
0.975098
-2.003906
-0.689453
-0.322266
-0.256592
-0.915039
1.177734
-1.423828
-0.803223
0.087219
-0.481934
0.930664
-0.571289
0.287109
-1.462891
2.148438
0.998047
-1.097656
1.002930
0.326660
-0.770996
-0.652832
-2.041016
0.848145
-1.726562
-0.821289
-1.013672
0.366455
0.618164
-0.455078
-0.679688
-1.080078
-1.291016
-0.361816
-0.262207
-1.151367
0.197632
-0.117065
-0.465088
-1.504883
-0.593750
-0.483398
0.022141
-0.892578
-0.629395
-1.043945
-2.031250
0.853516
0.443115
-1.156250
0.364258
0.223511
0.520996
0.607910
1.475586
1.229492
0.466553
-0.317627
0.416016
0.366943
-0.875977
0.821289
-0.800781
0.252441
-0.837402
-0.484863
-0.732910
-0.514648
0.330811
1.032227
0.273926
0.895020
-0.711914
-1.163086
0.285156
0.547363
-0.919922
0.138428
-0.368896
0.648926
0.764160
-0.708496
0.548828
-0.442383
-0.378174
-0.311768
0.570801
-1.125977
-0.566406
0.838867
-0.679688
0.810059
1.157227
0.561035
0.727051
1.552734
-1.258789
1.249023
1.917969
1.500977
2.439453
-0.000000
-0.000000
-0.000000
-0.000000
-0.000000
-0.000000
-0.000000
-0.000000
-0.000000
-0.000000
-0.000000
-0.000000
-0.000000
-0.000000
-0.000000
-0.000000
-0.000000
-0.000000
-0.000000
-0.000000
-0.000000
