2.307473
1.540467
1.511206
0.567998
0.869633
0.388570
1.084510
0.246735
0.616836
-1.570230
0.478752
0.196289
0.129797
0.398132
0.478276
-0.044435
-0.502696
-0.370049
-0.920008
0.371768
-1.131695
0.229536
-1.444767
0.295470
0.435200
0.565387
-0.743714
0.796582
0.581531
-0.481408
0.250590
0.581776
-1.083355
-0.524963
0.403803
0.380085
-1.100291
0.304869
0.795176
-0.899571
0.211567
-0.462103
0.186185
-0.371921
-1.015476
0.667574
0.454336
-0.302357
-0.549564
1.118993
1.379341
0.556409
-0.265545
0.455645
-0.965529
0.549973
0.296958
-1.023524
0.334314
-0.907161
0.154217
0.254691
-1.624517
-0.768639
-0.664308
-0.317934
-0.494232
0.447214
-1.134967
-1.279606
0.321628
0.408805
-2.190892
0.301666
-1.554280
-0.779721
-0.593591
-0.828624
0.951705
-1.974698
-0.678310
-0.304199
-0.254478
-0.901406
1.159423
-1.401764
-0.791506
0.073271
-0.472824
0.909517
-0.551759
0.286821
-1.434924
2.117404
0.981218
-1.080640
0.983469
0.327974
-0.761318
-0.643084
-2.006831
0.832252
-1.702010
-0.806203
-0.998094
0.355291
0.607991
-0.451939
-0.672854
-1.063121
-1.269297
-0.355981
-0.253931
-1.132881
0.189095
-0.115796
-0.456984
-1.481459
-0.582510
-0.480113
0.043566
-0.876176
-0.613742
-1.028613
-2.000252
0.846499
0.435828
-1.136184
0.359712
0.216162
0.510337
0.604523
1.456382
1.207647
0.462281
-0.317982
0.408139
0.359413
-0.860649
0.815988
-0.780101
0.253522
-0.824929
-0.473181
-0.722973
-0.504928
0.320130
1.013619
0.265152
0.882603
-0.697691
-1.144932
0.288870
0.540879
-0.906792
0.123339
-0.360534
0.633126
0.745194
-0.700833
0.541424
-0.443269
-0.373367
-0.308950
0.560396
-1.104553
-0.556294
0.822158
-0.670012
0.809738
1.136132
0.558667
0.723353
1.532580
-1.236755
1.219645
1.884350
1.467450
2.397449
-0.012164
-0.012164
-0.012164
-0.012164
-0.012164
-0.012164
-0.012164
-0.012164
-0.012164
-0.012164
-0.012164
-0.012164
-0.012164
-0.012164
-0.012164
-0.012164
-0.012164
-0.012164
-0.012164
-0.012164
-0.012164
-0.694383
-0.405923
-0.186809
-0.018167
-0.370438
0.006227
-0.185631
0.291533
-0.051522
-0.049627
0.091743
-0.480099
0.251001
0.387690
0.015359
0.515888
0.800079
1.160929
1.332004
1.014360
0.469256
0.220792
0.775192
0.271803
0.579451
0.546074
0.873168
0.674632
0.474701
0.106236
-0.260223
0.113615
0.788899
0.466353
0.841954
0.209907
0.877009
0.477043
0.121816
0.466757
0.562821
0.190852
0.117103
0.482645
0.839581
0.050256
0.112304
-0.031165
-0.119125
-0.101508
-0.255406
-0.239739
0.521816
0.241248
0.629098
0.281549
0.699542
0.567338
0.776151
0.443164
-0.047810
0.902951
1.056888
0.941131
0.665060
0.798463
0.214584
0.531576
1.017625
0.471140
0.462574
-0.262586
0.988929
0.600877
0.342808
0.124524
0.054880
-0.025477
-0.212727
0.531554
0.779538
0.211105
-0.039274
-0.223677
0.240001
0.222740
0.357683
0.037423
0.252053
0.064358
0.786255
0.440450
0.371650
-0.414582
0.114639
0.295545
-0.278705
-0.136811
-0.029035
0.064326
0.228289
0.615948
0.736066
0.608461
0.150896
0.006684
0.283697
0.104494
0.585811
0.719801
0.562814
0.458646
0.345048
0.248396
0.375532
0.675894
0.148240
0.757857
0.484368
0.100741
0.606887
0.389769
0.426060
0.946639
1.131121
0.838860
0.677338
1.189869
0.705155
0.499189
-0.091853
0.086950
-0.878747
0.039793
0.867847
0.060268
0.505290
0.229681
0.234801
0.163567
0.453646
0.449490
0.282446
0.324888
0.321503
0.966000
0.343323
0.307941
0.517549
0.454070
0.777304
0.753406
0.325092
-0.277313
0.622214
0.346862
0.854360
0.866081
-0.321228
0.321230
0.177223
0.032020
0.069265
-0.119336
0.272668
-0.147447
0.235220
0.178641
-0.147149
-0.621881
-0.151900
-0.181723
0.085673
0.434663
0.727031
-0.343047
-0.556374
-1.193500
-0.112075
0.002212
0.002212
0.002212
0.002212
0.002212
0.002212
0.002212
0.002212
0.002212
0.002212
0.002212
0.002212
0.002212
0.002212
0.002212
0.002212
0.002212
0.002212
0.002212
0.002212
0.002212
