-0.696595
-0.408135
-0.189021
-0.020379
-0.372650
0.004015
-0.187843
0.289321
-0.053734
-0.051839
0.089531
-0.482311
0.248789
0.385479
0.013148
0.513676
0.797867
1.158717
1.329792
1.012148
0.467045
0.218580
0.772980
0.269591
0.577239
0.543862
0.870956
0.672420
0.472489
0.104025
-0.262435
0.111403
0.786687
0.464141
0.839742
0.207695
0.874797
0.474831
0.119604
0.464545
0.560609
0.188640
0.114891
0.480433
0.837369
0.048044
0.110092
-0.033377
-0.121337
-0.103720
-0.257618
-0.241951
0.519604
0.239036
0.626886
0.279337
0.697330
0.565126
0.773939
0.440952
-0.050022
0.900739
1.054676
0.938919
0.662848
0.796251
0.212372
0.529364
1.015413
0.468928
0.460362
-0.264798
0.986717
0.598665
0.340596
0.122312
0.052668
-0.027689
-0.214939
0.529342
0.777326
0.208893
-0.041486
-0.225889
0.237789
0.220528
0.355471
0.035211
0.249841
0.062146
0.784043
0.438238
0.369438
-0.416794
0.112427
0.293333
-0.280917
-0.139023
-0.031247
0.062114
0.226077
0.613736
0.733855
0.606249
0.148684
0.004472
0.281486
0.102283
0.583599
0.717589
0.560602
0.456434
0.342836
0.246184
0.373321
0.673682
0.146028
0.755645
0.482156
0.098529
0.604675
0.387557
0.423848
0.944427
1.128909
0.836648
0.675126
1.187657
0.702943
0.496977
-0.094065
0.084738
-0.880959
0.037581
0.865635
0.058056
0.503078
0.227469
0.232589
0.161355
0.451434
0.447278
0.280234
0.322677
0.319291
0.963788
0.341111
0.305729
0.515337
0.451859
0.775092
0.751194
0.322881
-0.279525
0.620002
0.344651
0.852148
0.863869
-0.323440
0.319018
0.175011
0.029808
0.067053
-0.121548
0.270456
-0.149659
0.233008
0.176430
-0.149361
-0.624093
-0.154112
-0.183935
0.083461
0.432451
0.724819
-0.345259
-0.558586
-1.195712
-0.114287
0.000000
0.000000
0.000000
0.000000
0.000000
0.000000
0.000000
0.000000
0.000000
0.000000
0.000000
0.000000
0.000000
0.000000
0.000000
0.000000
0.000000
0.000000
0.000000
0.000000
0.000000
