-1.266604
1.236531
-0.321458
0.051834
-1.047622
-0.085984
-0.808691
0.266501
-1.352305
-1.019810
0.320572
-1.877967
-0.125114
0.782007
-1.099894
0.015575
0.333145
1.513874
2.158782
1.023404
-0.068415
-1.342324
0.665638
-0.714626
0.679707
0.609161
1.539261
1.559168
0.893879
-0.143550
-0.869066
0.099608
1.096486
0.022594
1.567441
-0.837918
1.191947
0.626804
-0.668919
0.443063
0.804046
-0.613436
-0.646958
0.268628
1.005210
-0.059317
-0.157767
-1.369015
-0.922027
1.062359
0.297139
-1.488028
0.725778
-0.707331
0.517236
0.042831
1.193412
0.304967
1.024861
0.039400
-1.168010
1.516871
1.077190
0.684033
0.073590
0.581457
-0.902046
0.286973
1.293811
-0.136118
0.448955
-1.579124
1.625454
0.427190
-0.448463
-0.637300
-0.606128
-0.029423
-0.742966
-0.315423
0.710824
-0.774293
-1.177932
-1.198789
0.069825
-0.795160
-0.366276
-1.291905
-0.380217
-1.427995
1.151712
-0.058680
0.623396
0.207714
0.796798
0.260514
-0.687132
-1.155863
-1.137316
-1.339566
-0.628131
0.537967
0.212653
-0.227243
-0.596645
-0.343282
0.628688
-0.672983
0.157583
0.086357
-0.084410
-0.001461
0.007841
-0.300656
0.179227
1.178457
-0.756979
0.669687
0.106331
-0.863085
0.532092
-0.549708
-0.546723
0.380800
1.072534
0.901681
-0.085514
1.736583
0.441845
0.518061
-0.540227
2.070587
-0.355825
0.175623
1.624273
-0.431469
0.782945
-0.577958
-0.066529
-0.071033
-0.013396
-0.347114
-0.670550
-0.413058
-0.547905
1.053128
0.554113
0.676686
0.365406
0.203876
0.587044
0.786741
0.825811
-1.243072
0.575530
-0.325432
1.613379
2.210841
-1.260833
0.431070
0.079240
-0.582459
-0.634570
-0.669929
-0.101105
-2.140608
-0.657215
-0.785377
-0.472961
-0.471768
-0.096666
-0.557011
0.219095
0.740319
1.022574
0.040429
0.717616
-0.229922
0.403649
0.000000
-0.000000
-0.000000
-0.000000
-0.000000
0.000000
0.000000
0.000000
0.000000
-0.000000
0.000000
0.000000
0.000000
0.000000
0.000000
-0.000000
-0.000000
0.000000
-0.000000
-0.000000
-0.000000
