1.337186
0.699839
1.176439
0.616481
0.832401
0.680439
1.418132
0.228991
1.097296
-1.296225
0.560356
0.161897
0.394737
0.557162
0.680452
-0.215848
-0.398417
-0.645196
-1.274440
-0.403814
-0.989893
0.188708
-1.212566
0.530776
0.220923
0.143407
-0.854650
0.097277
0.171729
-0.033530
0.539414
0.538078
-0.864998
-0.283473
0.319704
0.401026
-0.897589
0.286755
0.816298
-0.661714
0.075420
-0.180503
0.200632
-0.030701
-0.661956
0.868563
0.753761
0.372676
-0.051118
0.675948
0.994569
0.903428
0.100580
0.538998
-0.576347
0.469000
-0.183525
-0.843525
0.153495
-0.490176
0.241839
-0.067643
-1.505945
-0.466013
-0.343471
-0.165375
-0.027843
0.379527
-0.935176
-0.992419
0.532928
0.754760
-2.031833
0.097426
-1.265608
-0.149942
0.083879
-0.350121
1.186581
-1.712539
-0.246474
-0.032398
0.356969
-0.434535
0.861604
-1.171039
-0.264606
0.517240
0.226911
0.728635
-0.441891
-0.174191
-1.319826
1.772971
0.584064
-0.681474
1.424991
0.648760
-0.207384
-0.260528
-1.831542
0.222190
-1.483076
-0.542025
-0.535655
0.496208
0.512434
-0.006971
-0.355748
-0.808407
-1.022611
0.132187
0.229999
-0.818262
0.272520
-0.126468
-0.029173
-1.283132
-0.304638
-0.033991
-0.126821
-0.599596
-0.349024
-0.837534
-1.874478
0.494293
0.029119
-1.146238
-0.295857
-0.126515
0.227777
0.337769
1.375476
1.208981
0.310338
0.053475
0.565822
0.349913
-0.486418
0.690313
-0.494359
0.103962
-0.489939
-0.213088
-0.739561
-0.732951
-0.197460
0.801518
0.208526
0.646393
-0.397968
-0.889713
0.382806
0.630423
-0.653129
0.084712
-0.297073
0.443962
0.933384
-0.132814
0.571750
-0.025967
0.276133
0.556077
1.000348
-0.525096
0.079576
0.924731
-0.236758
0.776297
1.207637
0.950555
0.795403
0.877626
-1.076083
0.726208
1.280593
1.070624
1.276045
-0.000000
0.000000
-0.000000
-0.000000
0.000000
-0.000000
0.000000
0.000000
-0.000000
-0.000000
0.000000
-0.000000
0.000000
0.000000
-0.000000
0.000000
0.000000
0.000000
-0.000000
0.000000
0.000000
