2.319637
1.552630
1.523369
0.580162
0.881796
0.400734
1.096674
0.258899
0.629000
-1.558066
0.490916
0.208452
0.141960
0.410295
0.490439
-0.032271
-0.490533
-0.357885
-0.907844
0.383931
-1.119531
0.241700
-1.432603
0.307634
0.447364
0.577551
-0.731550
0.808745
0.593694
-0.469245
0.262754
0.593939
-1.071191
-0.512799
0.415966
0.392249
-1.088127
0.317033
0.807340
-0.887407
0.223730
-0.449939
0.198349
-0.359758
-1.003312
0.679737
0.466499
-0.290194
-0.537400
1.131157
1.391505
0.568573
-0.253382
0.467809
-0.953366
0.562137
0.309121
-1.011360
0.346477
-0.894998
0.166380
0.266855
-1.612354
-0.756475
-0.652144
-0.305771
-0.482069
0.459378
-1.122803
-1.267442
0.333792
0.420968
-2.178728
0.313829
-1.542116
-0.767558
-0.581427
-0.816460
0.963869
-1.962535
-0.666147
-0.292036
-0.242314
-0.889242
1.171587
-1.389600
-0.779342
0.085435
-0.460660
0.921681
-0.539596
0.298985
-1.422760
2.129567
0.993381
-1.068477
0.995633
0.340138
-0.749154
-0.630921
-1.994667
0.844415
-1.689847
-0.794039
-0.985931
0.367455
0.620155
-0.439776
-0.660691
-1.050957
-1.257134
-0.343818
-0.241767
-1.120718
0.201259
-0.103633
-0.444820
-1.469296
-0.570346
-0.467949
0.055729
-0.864013
-0.601578
-1.016450
-1.988089
0.858663
0.447992
-1.124020
0.371876
0.228325
0.522501
0.616687
1.468546
1.219810
0.474445
-0.305819
0.420302
0.371576
-0.848485
0.828151
-0.767938
0.265686
-0.812765
-0.461018
-0.710809
-0.492765
0.332293
1.025782
0.277315
0.894767
-0.685527
-1.132769
0.301034
0.553042
-0.894628
0.135503
-0.348370
0.645289
0.757358
-0.688670
0.553588
-0.431105
-0.361204
-0.296786
0.572559
-1.092390
-0.544131
0.834321
-0.657848
0.821902
1.148296
0.570831
0.735517
1.544743
-1.224591
1.231808
1.896513
1.479613
2.409613
0.000000
0.000000
0.000000
0.000000
0.000000
0.000000
0.000000
0.000000
0.000000
0.000000
0.000000
0.000000
0.000000
0.000000
0.000000
0.000000
0.000000
0.000000
0.000000
0.000000
0.000000
