1.337186
0.699839
1.176439
0.616481
0.832401
0.680439
1.418132
0.228991
1.097296
-1.296225
0.560356
0.161897
0.394737
0.557162
0.680452
-0.215848
-0.398417
-0.645196
-1.274440
-0.403814
-0.989893
0.188708
-1.212566
0.530776
0.220923
0.143407
-0.854650
0.097277
0.171729
-0.033530
0.539414
0.538078
-0.864998
-0.283473
0.319704
0.401026
-0.897589
0.286755
0.816298
-0.661714
0.075420
-0.180503
0.200632
-0.030701
-0.661956
0.868563
0.753761
0.372676
-0.051118
0.675948
0.994569
0.903428
0.100580
0.538998
-0.576347
0.469000
-0.183525
-0.843525
0.153495
-0.490176
0.241839
-0.067643
-1.505945
-0.466013
-0.343471
-0.165375
-0.027843
0.379527
-0.935176
-0.992419
0.532928
0.754760
-2.031833
0.097426
-1.265608
-0.149942
0.083879
-0.350121
1.186581
-1.712539
-0.246474
-0.032398
0.356969
-0.434535
0.861604
-1.171039
-0.264606
0.517240
0.226911
0.728635
-0.441891
-0.174191
-1.319826
1.772971
0.584064
-0.681474
1.424991
0.648760
-0.207384
-0.260528
-1.831542
0.222190
-1.483076
-0.542025
-0.535655
0.496208
0.512434
-0.006971
-0.355748
-0.808407
-1.022611
0.132187
0.229999
-0.818262
0.272520
-0.126468
-0.029173
-1.283132
-0.304638
-0.033991
-0.126821
-0.599596
-0.349024
-0.837534
-1.874478
0.494293
0.029119
-1.146238
-0.295857
-0.126515
0.227777
0.337769
1.375476
1.208981
0.310338
0.053475
0.565822
0.349913
-0.486418
0.690313
-0.494359
0.103962
-0.489939
-0.213088
-0.739561
-0.732951
-0.197460
0.801518
0.208526
0.646393
-0.397968
-0.889713
0.382806
0.630423
-0.653129
0.084712
-0.297073
0.443962
0.933384
-0.132814
0.571750
-0.025967
0.276133
0.556077
1.000348
-0.525096
0.079576
0.924731
-0.236758
0.776297
1.207637
0.950555
0.795403
0.877626
-1.076083
0.726208
1.280593
1.070624
1.276045
-0.000000
0.000000
-0.000000
-0.000000
0.000000
-0.000000
0.000000
0.000000
-0.000000
-0.000000
0.000000
-0.000000
0.000000
0.000000
-0.000000
0.000000
0.000000
0.000000
-0.000000
0.000000
0.000000
-0.696595
-0.408135
-0.189021
-0.020379
-0.372650
0.004015
-0.187843
0.289321
-0.053734
-0.051839
0.089531
-0.482311
0.248789
0.385479
0.013148
0.513676
0.797867
1.158717
1.329792
1.012148
0.467045
0.218580
0.772980
0.269591
0.577239
0.543862
0.870956
0.672420
0.472489
0.104025
-0.262435
0.111403
0.786687
0.464141
0.839742
0.207695
0.874797
0.474831
0.119604
0.464545
0.560609
0.188640
0.114891
0.480433
0.837369
0.048044
0.110092
-0.033377
-0.121337
-0.103720
-0.257618
-0.241951
0.519604
0.239036
0.626886
0.279337
0.697330
0.565126
0.773939
0.440952
-0.050022
0.900739
1.054676
0.938919
0.662848
0.796251
0.212372
0.529364
1.015413
0.468928
0.460362
-0.264798
0.986717
0.598665
0.340596
0.122312
0.052668
-0.027689
-0.214939
0.529342
0.777326
0.208893
-0.041486
-0.225889
0.237789
0.220528
0.355471
0.035211
0.249841
0.062146
0.784043
0.438238
0.369438
-0.416794
0.112427
0.293333
-0.280917
-0.139023
-0.031247
0.062114
0.226077
0.613736
0.733855
0.606249
0.148684
0.004472
0.281486
0.102283
0.583599
0.717589
0.560602
0.456434
0.342836
0.246184
0.373321
0.673682
0.146028
0.755645
0.482156
0.098529
0.604675
0.387557
0.423848
0.944427
1.128909
0.836648
0.675126
1.187657
0.702943
0.496977
-0.094065
0.084738
-0.880959
0.037581
0.865635
0.058056
0.503078
0.227469
0.232589
0.161355
0.451434
0.447278
0.280234
0.322677
0.319291
0.963788
0.341111
0.305729
0.515337
0.451859
0.775092
0.751194
0.322881
-0.279525
0.620002
0.344651
0.852148
0.863869
-0.323440
0.319018
0.175011
0.029808
0.067053
-0.121548
0.270456
-0.149659
0.233008
0.176430
-0.149361
-0.624093
-0.154112
-0.183935
0.083461
0.432451
0.724819
-0.345259
-0.558586
-1.195712
-0.114287
0.000000
0.000000
0.000000
0.000000
0.000000
0.000000
0.000000
0.000000
0.000000
0.000000
0.000000
0.000000
0.000000
0.000000
0.000000
0.000000
0.000000
0.000000
0.000000
0.000000
0.000000
