-0.696595
-0.408135
-0.189021
-0.020379
-0.372650
0.004015
-0.187843
0.289321
-0.053734
-0.051839
0.089531
-0.482311
0.248789
0.385479
0.013148
0.513676
0.797867
1.158717
1.329792
1.012148
0.467045
0.218580
0.772980
0.269591
0.577239
0.543862
0.870956
0.672420
0.472489
0.104025
-0.262435
0.111403
0.786687
0.464141
0.839742
0.207695
0.874797
0.474831
0.119604
0.464545
0.560609
0.188640
0.114891
0.480433
0.837369
0.048044
0.110092
-0.033377
-0.121337
-0.103720
-0.257618
-0.241951
0.519604
0.239036
0.626886
0.279337
0.697330
0.565126
0.773939
0.440952
-0.050022
0.900739
1.054676
0.938919
0.662848
0.796251
0.212372
0.529364
1.015413
0.468928
0.460362
-0.264798
0.986717
0.598665
0.340596
0.122312
0.052668
-0.027689
-0.214939
0.529342
0.777326
0.208893
-0.041486
-0.225889
0.237789
0.220528
0.355471
0.035211
0.249841
0.062146
0.784043
0.438238
0.369438
-0.416794
0.112427
0.293333
-0.280917
-0.139023
-0.031247
0.062114
0.226077
0.613736
0.733855
0.606249
0.148684
0.004472
0.281486
0.102283
0.583599
0.717589
0.560602
0.456434
0.342836
0.246184
0.373321
0.673682
0.146028
0.755645
0.482156
0.098529
0.604675
0.387557
0.423848
0.944427
1.128909
0.836648
0.675126
1.187657
0.702943
0.496977
-0.094065
0.084738
-0.880959
0.037581
0.865635
0.058056
0.503078
0.227469
0.232589
0.161355
0.451434
0.447278
0.280234
0.322677
0.319291
0.963788
0.341111
0.305729
0.515337
0.451859
0.775092
0.751194
0.322881
-0.279525
0.620002
0.344651
0.852148
0.863869
-0.323440
0.319018
0.175011
0.029808
0.067053
-0.121548
0.270456
-0.149659
0.233008
0.176430
-0.149361
-0.624093
-0.154112
-0.183935
0.083461
0.432451
0.724819
-0.345259
-0.558586
-1.195712
-0.114287
0.000000
0.000000
0.000000
0.000000
0.000000
0.000000
0.000000
0.000000
0.000000
0.000000
0.000000
0.000000
0.000000
0.000000
0.000000
0.000000
0.000000
0.000000
0.000000
0.000000
0.000000
2.319637
1.552630
1.523369
0.580162
0.881796
0.400734
1.096674
0.258899
0.629000
-1.558066
0.490916
0.208452
0.141960
0.410295
0.490439
-0.032271
-0.490533
-0.357885
-0.907844
0.383931
-1.119531
0.241700
-1.432603
0.307634
0.447364
0.577551
-0.731550
0.808745
0.593694
-0.469245
0.262754
0.593939
-1.071191
-0.512799
0.415966
0.392249
-1.088127
0.317033
0.807340
-0.887407
0.223730
-0.449939
0.198349
-0.359758
-1.003312
0.679737
0.466499
-0.290194
-0.537400
1.131157
1.391505
0.568573
-0.253382
0.467809
-0.953366
0.562137
0.309121
-1.011360
0.346477
-0.894998
0.166380
0.266855
-1.612354
-0.756475
-0.652144
-0.305771
-0.482069
0.459378
-1.122803
-1.267442
0.333792
0.420968
-2.178728
0.313829
-1.542116
-0.767558
-0.581427
-0.816460
0.963869
-1.962535
-0.666147
-0.292036
-0.242314
-0.889242
1.171587
-1.389600
-0.779342
0.085435
-0.460660
0.921681
-0.539596
0.298985
-1.422760
2.129567
0.993381
-1.068477
0.995633
0.340138
-0.749154
-0.630921
-1.994667
0.844415
-1.689847
-0.794039
-0.985931
0.367455
0.620155
-0.439776
-0.660691
-1.050957
-1.257134
-0.343818
-0.241767
-1.120718
0.201259
-0.103633
-0.444820
-1.469296
-0.570346
-0.467949
0.055729
-0.864013
-0.601578
-1.016450
-1.988089
0.858663
0.447992
-1.124020
0.371876
0.228325
0.522501
0.616687
1.468546
1.219810
0.474445
-0.305819
0.420302
0.371576
-0.848485
0.828151
-0.767938
0.265686
-0.812765
-0.461018
-0.710809
-0.492765
0.332293
1.025782
0.277315
0.894767
-0.685527
-1.132769
0.301034
0.553042
-0.894628
0.135503
-0.348370
0.645289
0.757358
-0.688670
0.553588
-0.431105
-0.361204
-0.296786
0.572559
-1.092390
-0.544131
0.834321
-0.657848
0.821902
1.148296
0.570831
0.735517
1.544743
-1.224591
1.231808
1.896513
1.479613
2.409613
0.000000
0.000000
0.000000
0.000000
0.000000
0.000000
0.000000
0.000000
0.000000
0.000000
0.000000
0.000000
0.000000
0.000000
0.000000
0.000000
0.000000
0.000000
0.000000
0.000000
0.000000
