0.999000
1.234163
1.183011
1.062822
1.264179
0.000000
0.391167
0.281758
0.712859
0.047016
0.999000
0.999000
1.050394
1.126868
1.043865
1.038977
0.000001
0.456459
0.550858
1.592663
0.022495
0.999000
0.999000
1.056166
1.102780
1.003259
1.049786
0.000018
0.582032
0.973944
0.197152
0.380605
0.999000
0.999000
1.319217
1.221366
1.114190
1.227741
0.000038
0.644664
0.832724
0.354270
0.002395
0.999000
0.999000
1.353496
1.146137
1.070136
1.192793
0.000037
0.683147
0.872477
1.932175
0.001320
0.999000
0.999000
1.341759
1.247223
1.098368
1.276114
0.000021
0.701821
0.858401
1.897039
0.003100
0.999000
0.999000
1.283104
1.269237
1.097760
1.308035
0.000027
0.720975
0.915922
1.772697
0.006377
0.999000
0.999000
1.185135
1.203214
1.062474
1.149403
0.000009
0.709603
0.721508
2.111540
0.497654
0.999000
0.999000
1.271559
1.203916
1.086086
1.302349
0.002059
0.815412
0.233911
4.390818
0.037696
0.999000
0.999000
1.171050
1.105586
1.048816
1.179612
0.000076
0.620796
0.451621
2.256932
0.000228
0.999000
0.999000
1.139668
1.121181
1.052594
1.190612
0.000033
0.652949
0.630366
0.326313
0.000054
0.999000
0.999000
1.168122
1.108716
1.044653
1.146955
0.000018
0.698215
0.626843
0.717265
0.000665
0.999000
0.999000
1.361274
1.110934
1.062943
1.260550
0.000107
0.665709
0.398200
1.462764
3.848325
0.999000
0.999000
1.366071
1.163261
1.059063
1.196417
0.000027
0.613809
0.709605
0.526254
4.833033
0.999000
0.999000
1.392362
1.127303
1.066784
1.199006
0.000043
0.680895
0.737229
0.536080
2.315224
0.999000
0.999000
1.227442
1.061637
1.022822
1.015495
0.000003
0.614666
0.742593
1.589309
4.001032
0.999000
0.999000
1.289256
1.102589
1.020320
1.024202
0.000021
0.595861
0.851466
0.145457
0.746086
0.999000
0.999000
1.244376
1.049357
0.973012
0.936487
0.000097
0.586314
0.789716
0.435236
0.579356
0.999000
0.999000
1.018235
0.955158
0.941133
0.828284
0.000028
0.611665
0.868726
1.027092
0.028107
0.999000
0.999000
1.073086
1.034402
0.984873
0.925978
0.000026
0.603193
1.315417
0.648446
0.000213
0.999000
0.999000
1.182809
1.064807
1.024101
1.042291
0.000075
0.618577
1.151743
0.569772
0.000981
0.999000
0.999000
1.243786
1.125492
1.073933
1.162701
0.000333
0.609197
0.865715
0.628056
0.104461
0.999000
0.999000
1.213635
1.148101
1.056688
1.177921
0.000433
0.697358
0.690973
0.612715
0.031980
0.999000
0.999000
1.315905
1.242920
1.086517
1.254148
0.000091
0.758171
0.438151
0.026309
0.025080
0.999000
0.999000
1.175149
1.175688
1.037372
1.048045
0.000022
0.674735
0.361300
1.364591
0.009358
0.999000
0.999000
1.021714
1.097796
1.013071
1.005960
0.000063
0.603811
0.776256
1.240909
0.010553
0.999000
0.999000
1.023376
1.070145
0.986389
0.912444
0.000068
0.510308
1.289075
0.029202
0.178354
0.999000
0.999000
1.078406
1.062658
0.992346
0.950216
0.000038
0.484293
1.426234
0.004119
0.229249
0.999000
0.999000
1.058758
1.051301
0.998008
0.996349
0.000015
0.610803
1.200434
0.171976
1.882715
0.999000
0.999000
1.070457
1.109821
1.063052
1.189478
0.000080
0.704965
0.697224
0.180183
0.261841
0.999000
0.999000
1.134160
1.109200
1.080037
1.290349
0.000241
0.684684
0.758380
0.726445
0.022117
0.999000
0.999000
1.149998
1.098763
1.057378
1.146738
0.000158
0.629618
0.910701
0.663314
0.000071
0.999000
0.999000
1.161880
1.065190
1.034104
1.079728
0.000087
0.606878
1.009900
0.589946
0.009145
0.999000
0.999000
1.122647
1.094855
1.051581
1.110464
0.000008
0.636916
0.716944
0.682389
0.395424
0.999000
0.999000
1.148282
1.138361
1.046908
1.119824
0.000023
0.746505
0.334706
0.632353
0.018098
0.999000
0.999000
1.113939
1.161381
1.038075
1.170926
0.000085
0.709273
0.694357
0.457507
1.553177
0.999000
0.999000
1.060183
1.142889
1.004987
1.074505
0.000059
0.681529
0.707730
0.153560
2.612795
0.999000
0.999000
1.187714
1.163699
1.056792
1.177413
0.000132
0.730728
0.403574
0.317658
0.860500
0.999000
0.999000
1.190850
1.084062
1.065972
1.179000
0.000061
0.772108
0.333872
2.416293
1.051658
0.999000
0.999000
1.158950
1.052559
1.050552
1.120097
0.000148
0.684190
0.490112
2.344418
0.289737
0.999000
0.999000
1.113711
1.055899
1.057921
1.132279
0.000576
0.617161
0.685223
4.200752
0.100725
0.999000
0.999000
1.170273
1.090942
1.045588
1.131124
0.000325
0.607055
0.784673
2.146778
0.037779
0.999000
0.999000
1.233249
1.137289
1.069746
1.202633
0.000032
0.752670
0.513421
0.379092
0.452985
0.999000
0.999000
1.211572
1.138453
1.073159
1.167917
0.000063
0.767639
0.322446
1.218522
0.008361
0.999000
0.999000
1.310102
1.113797
1.074371
1.205384
0.000167
0.665655
0.333068
0.191282
5.659236
0.999000
0.999000
1.362039
1.196269
1.111467
1.259823
0.000075
0.598718
0.817287
0.035638
5.324931
0.999000
0.999000
1.290511
1.170937
1.098433
1.252358
0.000113
0.665957
0.654896
0.916846
3.202308
0.999000
0.999000
1.450438
1.183400
1.089628
1.244510
0.000010
0.697352
0.800641
0.194374
0.093390
0.999000
0.999000
1.472750
1.132919
1.068284
1.216241
0.000009
0.646341
1.064343
0.052453
0.050755
0.999000
0.999000
1.409993
1.075474
1.058858
1.142105
0.000075
0.515673
1.594955
1.530813
0.000242
0.999000
0.999000
1.485151
1.107630
1.035198
1.107036
0.000013
0.597702
1.700822
1.678556
0.004062
0.999000
0.999000
1.495445
1.212227
1.080814
1.304203
0.000036
0.736760
0.821075
0.167481
0.010099
0.999000
0.999000
1.377988
1.208333
1.057947
1.177041
0.000021
0.625593
0.912601
0.174712
0.162276
0.999000
0.999000
1.284451
1.177378
1.051729
1.188232
0.000028
0.684752
0.674340
0.291757
0.003569
0.999000
0.999000
1.227086
1.204163
1.045976
1.189971
0.000057
0.661998
0.633921
0.495365
1.771335
0.999000
0.999000
1.179179
1.129759
1.049298
1.166077
0.000076
0.599718
0.823234
0.751484
0.043152
0.999000
0.999000
1.072555
1.061256
1.003433
1.005078
0.000103
0.563623
1.002816
0.199866
0.072786
0.999000
0.999000
1.106260
1.083681
1.027417
1.071142
0.000247
0.588203
0.916032
0.095706
0.438172
0.999000
0.999000
1.144535
1.110732
1.039606
1.115476
0.000296
0.718271
0.481519
0.233329
2.432518
0.999000
0.999000
1.146192
1.119802
1.100562
1.310176
0.003298
0.698788
0.363559
0.329171
0.200361
0.999000
0.999000
1.153243
1.096042
1.087123
1.222591
0.000709
0.685526
0.432661
0.896164
0.001055
0.999000
0.999000
1.139174
1.082542
1.047660
1.076448
0.000518
0.691565
0.543198
1.222509
0.000228
0.999000
0.999000
1.099835
1.066594
1.044168
1.121516
0.001067
0.711882
0.291993
3.483737
0.272401
0.999000
0.999000
1.099019
1.095583
1.055056
1.155704
0.000572
0.781948
0.145530
5.114382
2.702395
0.999000
0.999000
1.126965
1.084411
1.044458
1.137225
0.000138
0.728787
0.453713
1.535664
4.391749
0.999000
0.999000
1.090186
1.081443
1.019826
1.095318
0.000135
0.635031
0.781969
0.220732
4.930368
0.999000
0.999000
1.072275
1.105861
1.060967
1.256320
0.000218
0.694298
0.668722
0.484555
4.298280
0.999000
0.999000
1.071878
1.061536
1.043954
1.178896
0.000407
0.681307
0.338963
1.555541
1.455930
0.999000
0.999000
1.145763
1.084046
1.038925
1.144238
0.000494
0.678853
0.226062
0.918079
0.006925
0.999000
0.999000
1.228354
1.091652
1.072198
1.309206
0.002275
0.736380
0.213034
0.438903
0.374752
0.999000
0.999000
1.244273
1.133090
1.081374
1.282727
0.001690
0.648913
0.283752
0.878227
5.121454
0.999000
0.999000
1.286908
1.105536
1.096036
1.312775
0.000734
0.576116
0.744639
0.288208
5.877015
0.999000
0.999000
1.165932
1.047272
1.040794
1.085864
0.000700
0.487308
0.866941
0.334381
8.057241
0.999000
0.999000
1.209018
1.045998
1.025994
1.076354
0.000685
0.495100
0.841667
0.573564
6.150315
0.999000
0.999000
1.264639
1.074429
1.047777
1.168370
0.000549
0.554850
0.850892
0.744461
3.862760
0.999000
0.999000
1.419085
1.078919
1.100665
1.399342
0.000927
0.643715
0.385660
0.576537
1.836447
0.999000
0.999000
1.353146
1.102865
1.114744
1.380354
0.000510
0.623758
0.664496
1.005301
0.005809
0.999000
0.999000
1.283668
1.098999
1.084009
1.307030
0.000640
0.621263
0.765428
1.180473
0.000487
0.999000
0.999000
1.322716
1.134398
1.111891
1.334120
0.000359
0.692000
0.584590
0.648686
0.004805
0.999000
0.999000
1.333467
1.139617
1.093906
1.359141
0.000588
0.680454
0.815986
0.098133
0.493864
0.999000
0.999000
1.237309
1.222777
1.067215
1.186871
0.000214
0.725874
0.472454
0.170630
0.520949
0.999000
0.999000
1.226691
1.175601
1.060787
1.149914
0.000010
0.657941
0.475731
1.572432
0.843973
0.999000
0.999000
1.224615
1.184630
1.092446
1.287497
0.000104
0.648658
0.616789
0.928499
0.139657
0.999000
0.999000
1.244653
1.215173
1.096797
1.232713
0.000228
0.561952
1.064252
0.068664
0.001721
0.999000
0.999000
1.283701
1.157945
1.071995
1.152245
0.000163
0.565640
0.988059
0.035001
0.004544
0.999000
0.999000
1.249695
1.103914
1.061736
1.134847
0.000128
0.642701
0.692490
1.502544
0.009092
0.999000
0.999000
1.372104
1.132620
1.069102
1.248929
0.000064
0.647799
0.589951
1.341553
6.409317
0.999000
0.999000
1.401165
1.196506
1.081664
1.254684
0.000021
0.566798
0.857550
0.069710
7.047730
0.999000
0.999000
1.397866
1.165519
1.099394
1.252283
0.000100
0.654444
0.767528
1.816013
4.526013
0.999000
0.999000
1.378083
1.169464
1.075139
1.121532
0.000008
0.620467
0.770731
0.437986
2.295419
0.999000
0.999000
1.447953
1.168693
1.038545
1.028515
0.000011
0.617140
0.772503
0.602069
0.006725
0.999000
0.999000
1.345741
1.049912
1.017379
1.020667
0.000016
0.685747
0.561146
0.169703
0.007578
0.999000
0.999000
1.262149
1.057003
1.040847
1.062343
0.000012
0.624428
1.185666
0.247907
0.002624
0.999000
0.999000
1.376104
1.103225
1.083517
1.207445
0.000034
0.556167
0.973214
2.336480
0.000019
0.999000
0.999000
1.391680
1.142284
1.053696
1.073398
0.000006
0.620654
1.103417
0.673876
0.000075
0.999000
0.999000
1.387004
1.207064
1.068154
1.178149
0.000022
0.639093
0.783607
0.320001
0.001239
0.999000
0.999000
1.554427
1.264141
1.128204
1.407290
0.000018
0.692085
0.728600
0.605593
0.000304
0.999000
0.999000
1.430193
1.197902
1.083839
1.309893
0.000027
0.692888
0.981736
0.311300
0.000514
0.999000
0.999000
1.267640
1.203675
1.089816
1.280103
0.000037
0.673185
0.520937
1.218741
0.000850
0.999000
0.999000
1.221852
1.132786
1.043676
1.142370
0.000089
0.502395
0.707718
1.679356
0.001250
0.999000
0.999000
1.167179
1.097655
1.011422
1.070990
0.000053
0.580211
1.149210
0.539614
0.000252
0.999000
0.999000
1.133857
1.048783
0.985478
0.984167
0.000005
0.560334
1.221647
0.185895
0.001027
0.999000
0.999000
1.141421
1.106018
1.026937
1.077106
0.000008
0.533116
0.972037
0.266467
0.001315
0.999000
0.999000
1.137486
1.118861
1.004475
1.055111
0.000009
0.611912
0.584851
0.267685
0.002986
0.999000
0.999000
1.117139
1.125962
1.031351
1.245104
0.000957
0.612461
0.647594
0.234339
0.023109
0.999000
0.999000
1.141526
1.121468
1.056120
1.242269
0.000988
0.527929
0.775427
1.434933
0.103528
0.999000
0.999000
1.159403
1.102503
1.063488
1.153911
0.000113
0.558146
0.718631
1.382839
0.001639
0.999000
0.999000
1.239677
1.082914
1.046364
1.215880
0.000136
0.692204
0.501241
1.577888
0.000178
0.999000
0.999000
1.148134
1.063018
1.055798
1.141352
0.000145
0.662363
0.472829
0.537158
0.082667
0.999000
0.999000
1.195058
1.079118
1.052556
1.112758
0.000722
0.637944
0.460899
0.346470
1.200052
0.999000
0.999000
1.168494
1.080893
1.054061
1.145152
0.000221
0.679832
0.524829
0.222412
6.506895
0.999000
0.999000
1.179789
1.117279
1.065515
1.204844
0.000645
0.689776
0.576923
0.309786
6.004653
0.999000
0.999000
1.164923
1.134245
1.060838
1.206318
0.001834
0.635005
0.809948
0.143974
2.795057
0.999000
0.999000
1.192694
1.107770
1.057798
1.203791
0.000191
0.733727
0.665333
0.113059
1.632437
0.999000
0.999000
1.132208
1.055141
1.064201
1.230789
0.001097
0.788357
0.418514
1.516368
0.149821
0.999000
0.999000
1.058267
1.021903
1.052206
1.125450
0.000180
0.607843
0.566151
4.560835
0.001055
0.999000
0.999000
1.080277
1.057515
1.070740
1.188286
0.000584
0.568701
0.579155
2.740923
0.046825
0.999000
0.999000
1.086765
1.040218
1.034643
1.093311
0.000066
0.572321
0.711708
4.112414
0.585307
0.999000
0.999000
1.085052
1.083544
1.043870
1.121316
0.000032
0.638467
0.795693
2.712287
0.123320
0.999000
0.999000
1.198141
1.139179
1.084872
1.223363
0.000035
0.731797
0.651551
0.873182
0.064743
0.999000
0.999000
1.157617
1.093015
1.048196
1.103031
0.000149
0.632815
0.991008
1.467247
0.075944
0.999000
0.999000
1.197037
1.110813
1.058592
1.119397
0.000298
0.632303
0.971104
0.308954
0.013964
0.999000
0.999000
1.151795
1.060516
1.042766
1.105617
0.000119
0.677363
0.856121
0.235881
0.868236
0.999000
0.999000
1.154143
1.062881
1.024721
1.070181
0.000150
0.584019
0.845956
0.827601
5.510993
0.999000
0.999000
1.165447
1.111177
0.998380
0.984502
0.000021
0.503283
1.187310
0.058835
6.665595
0.999000
0.999000
1.182851
1.097996
1.030238
1.056480
0.000100
0.530096
0.889154
0.141506
5.315532
0.999000
0.999000
1.233887
1.091442
1.015405
0.992301
0.000075
0.600205
0.525777
1.225826
4.231284
0.999000
0.999000
1.321958
1.071124
1.002174
0.940048
0.000162
0.548141
0.939741
0.104895
0.006989
0.999000
0.999000
1.322559
1.052068
0.972696
0.933392
0.000066
0.527414
1.253828
0.575108
0.008025
0.999000
0.999000
1.314541
1.070608
1.020107
1.072687
0.000055
0.663762
0.778020
0.392757
0.000141
0.999000
0.999000
1.340155
1.031535
1.049620
1.148014
0.000011
0.622189
0.688651
4.163000
0.000000
0.999000
0.999000
1.330684
1.080493
1.049491
1.162634
0.000030
0.494366
1.232203
1.639356
0.000000
0.999000
0.999000
1.430569
1.109617
1.061110
1.248238
0.000029
0.625609
1.000103
0.855694
0.000133
0.999000
0.999000
1.408535
1.084142
1.063599
1.249897
0.000038
0.695800
1.264404
0.470766
0.002076
0.999000
0.999000
1.178435
1.142160
1.060443
1.130865
0.000053
0.585971
0.760839
0.753017
0.667569
0.999000
0.999000
1.177515
1.139691
1.054761
1.152884
0.000046
0.551849
1.035246
0.111379
0.792097
0.999000
0.999000
1.148400
1.175513
1.098245
1.226291
0.000414
0.578969
0.311199
0.306441
3.176427
0.999000
0.999000
1.088688
1.163015
1.056332
1.129875
0.000018
0.692993
0.385143
3.799304
0.007274
0.999000
0.999000
1.093879
1.080242
1.062762
1.217358
0.000066
0.741302
0.303903
2.760851
0.202511
0.999000
0.999000
1.135984
1.058886
1.035327
1.131053
0.000017
0.699234
0.741013
1.729270
0.030480
0.999000
0.999000
1.162209
1.083216
1.038468
1.102367
0.000092
0.625925
0.636510
0.676271
1.009727
0.999000
0.999000
1.155376
1.105541
1.029601
1.090286
0.000409
0.563301
0.781181
0.818832
4.401911
0.999000
0.999000
1.275703
1.094764
1.033567
1.093913
0.000043
0.574454
0.975584
0.067036
3.468952
0.999000
0.999000
1.226981
1.040353
1.044320
1.124241
0.000107
0.738271
0.598164
0.609718
0.091944
0.999000
0.999000
1.163215
0.996393
1.014216
0.988167
0.000012
0.660602
0.812825
1.452998
0.009084
0.999000
0.999000
1.139728
1.063650
1.005057
0.938344
0.000029
0.543123
1.770151
0.572213
0.000014
0.999000
0.999000
1.186002
1.100866
1.018147
1.024189
0.000021
0.596263
1.319448
0.095274
0.000013
0.999000
0.999000
1.224198
1.119225
1.062534
1.129581
0.000046
0.697560
0.978858
0.432494
0.000071
0.999000
0.999000
1.263449
1.148157
1.047294
1.177413
0.000114
0.742812
0.882278
0.307878
0.536337
0.999000
0.999000
1.247974
1.172572
1.022182
1.052354
0.000008
0.722738
1.093403
1.291053
5.536193
0.999000
0.999000
1.200116
1.171810
1.061586
1.088685
0.000078
0.688366
0.485843
3.373120
1.279838
0.999000
0.999000
1.264706
1.145122
1.060721
1.154646
0.000217
0.684048
0.350073
0.697929
0.107981
0.999000
0.999000
1.275758
1.095542
1.072762
1.257397
0.000066
0.636866
0.456202
0.195934
0.003734
0.999000
0.999000
1.284108
1.126707
1.050383
1.223376
0.000024
0.721450
0.552113
0.245234
0.000381
0.999000
0.999000
1.133601
1.089267
1.031846
1.122549
0.000078
0.604205
0.688796
0.514407
0.029341
0.999000
0.999000
1.077619
1.106316
1.068620
1.138017
0.000398
0.599745
0.711612
0.397839
0.154328
0.999000
0.999000
1.095340
1.071204
1.036664
1.060727
0.000075
0.667437
0.663409
0.237254
0.888825
0.999000
0.999000
1.151815
1.080145
1.028722
1.093552
0.000110
0.632083
0.712048
0.229059
0.841717
0.999000
0.999000
1.196921
1.152220
1.091381
1.267303
0.000392
0.571108
0.871120
0.700526
3.509227
0.999000
0.999000
1.247746
1.119140
1.084966
1.258062
0.000568
0.599833
0.618974
1.787237
0.183512
0.999000
0.999000
1.197093
1.082479
1.075043
1.194923
0.000406
0.601287
0.603513
0.220795
0.004973
0.999000
0.999000
1.248747
1.118679
1.076590
1.173648
0.000019
0.714816
0.496460
1.778439
0.000709
0.999000
0.999000
1.240823
1.132579
1.079935
1.273095
0.000011
0.666391
0.384660
2.453533
0.001292
0.999000
0.999000
1.388610
1.232089
1.129202
1.384392
0.000030
0.683958
0.421045
0.273176
0.000038
0.999000
0.999000
1.287550
1.218642
1.073090
1.327416
0.000097
0.768787
0.209991
1.295797
1.994294
0.999000
0.999000
1.388153
1.202781
1.114849
1.397762
0.000620
0.635296
0.518529
0.193262
6.848795
0.999000
0.999000
1.288183
1.176021
1.094267
1.244867
0.001410
0.652538
0.512115
0.342719
0.217445
0.999000
0.999000
1.321134
1.171565
1.090677
1.189090
0.000010
0.757088
0.520663
1.590623
0.002786
0.999000
0.999000
1.359668
1.137273
1.089990
1.205849
0.000028
0.656497
1.190440
1.160319
0.000001
0.999000
0.999000
1.409764
1.137112
1.107547
1.233987
0.000055
0.589066
1.135678
2.392847
0.000008
0.999000
0.999000
1.453469
1.219804
1.070677
1.219076
0.000024
0.744012
0.753185
1.676785
0.000024
0.999000
0.999000
1.456526
1.336682
1.102538
1.289389
0.000004
0.671509
0.854751
2.427616
0.007603
0.999000
0.999000
1.280674
1.219308
1.062388
1.189878
0.000005
0.689294
0.763225
1.358823
0.940030
0.999000
0.999000
1.132247
1.175089
1.047966
0.923031
0.000001
0.509205
1.328046
0.241536
0.406580
0.999000
0.999000
1.075701
1.188860
1.043124
0.968572
0.000076
0.557409
1.119622
0.887347
0.051540
0.999000
0.999000
1.201423
1.197898
1.050027
1.080712
0.000007
0.509580
1.194315
1.337174
0.002622
0.999000
0.999000
1.291217
1.138199
0.996377
1.008224
0.000001
0.542634
1.369454
0.367944
0.000224
0.999000
0.999000
1.286381
1.106635
0.986734
1.033090
0.000002
0.600498
0.874153
0.327223
0.176883
0.999000
0.999000
1.119208
1.108757
0.936543
0.836182
0.000000
0.428895
0.981342
1.770942
0.481322
0.999000
0.999000
0.693147
0.693147
0.693147
0.693147
0.693147
0.693147
0.693147
0.693147
0.693147
0.999000
0.999000
0.693147
0.693147
0.693147
0.693147
0.693147
0.693147
0.693147
0.693147
0.693147
0.999000
0.999000
0.693147
0.693147
0.693147
0.693147
0.693147
0.693147
0.693147
0.693147
0.693147
0.999000
0.999000
0.693147
0.693147
0.693147
0.693147
0.693147
0.693147
0.693147
0.693147
0.693147
0.999000
0.999000
0.693147
0.693147
0.693147
0.693147
0.693147
0.693147
0.693147
0.693147
0.693147
0.999000
0.999000
0.693147
0.693147
0.693147
0.693147
0.693147
0.693147
0.693147
0.693147
0.693147
0.999000
0.999000
0.693147
0.693147
0.693147
0.693147
0.693147
0.693147
0.693147
0.693147
0.693147
0.999000
0.999000
0.693147
0.693147
0.693147
0.693147
0.693147
0.693147
0.693147
0.693147
0.693147
0.999000
0.999000
0.693147
0.693147
0.693147
0.693147
0.693147
0.693147
0.693147
0.693147
0.693147
0.999000
0.999000
0.693147
0.693147
0.693147
0.693147
0.693147
0.693147
0.693147
0.693147
0.693147
0.999000
0.999000
0.693147
0.693147
0.693147
0.693147
0.693147
0.693147
0.693147
0.693147
0.693147
0.999000
0.999000
0.693147
0.693147
0.693147
0.693147
0.693147
0.693147
0.693147
0.693147
0.693147
0.999000
0.999000
0.693147
0.693147
0.693147
0.693147
0.693147
0.693147
0.693147
0.693147
0.693147
0.999000
0.999000
0.693147
0.693147
0.693147
0.693147
0.693147
0.693147
0.693147
0.693147
0.693147
0.999000
0.999000
0.693147
0.693147
0.693147
0.693147
0.693147
0.693147
0.693147
0.693147
0.693147
0.999000
0.999000
0.693147
0.693147
0.693147
0.693147
0.693147
0.693147
0.693147
0.693147
0.693147
0.999000
0.999000
0.693147
0.693147
0.693147
0.693147
0.693147
0.693147
0.693147
0.693147
0.693147
0.999000
0.999000
0.693147
0.693147
0.693147
0.693147
0.693147
0.693147
0.693147
0.693147
0.693147
0.999000
0.999000
0.693147
0.693147
0.693147
0.693147
0.693147
0.693147
0.693147
0.693147
0.693147
0.999000
0.999000
0.693147
0.693147
0.693147
0.693147
0.693147
0.693147
0.693147
0.693147
0.693147
0.999000
0.999000
0.693147
0.693147
0.693147
0.693147
0.693147
0.693147
0.693147
0.693147
0.693147
0.999000
