0.164406
0.086112
0.911939
0.041789
1.149034
0.031382
1.080498
0.027745
0.341804
1.472833
0.046846
0.004070
0.000578
0.030754
0.076961
0.883041
0.714152
0.401418
0.198326
0.060010
1.217374
0.002336
1.453102
0.026778
0.302859
0.233656
0.411739
0.510747
0.202212
1.696706
0.004903
0.122657
0.665173
0.876285
0.209666
0.138645
1.229613
0.047920
1.464191
0.750278
0.002816
1.111353
0.005208
1.365203
1.514451
0.474030
0.041814
2.750237
1.986133
0.222100
0.344328
0.134444
1.528500
0.084535
0.940882
0.115783
0.023895
0.637697
0.075398
1.704688
0.000899
0.019254
1.224231
0.936814
0.972408
1.008134
1.659400
0.199830
1.320165
1.567368
0.012417
0.009452
1.156778
0.005471
1.471591
2.628753
3.204277
1.924186
1.012377
1.471532
1.225224
1.198714
2.787919
1.445909
0.597783
1.332867
1.549661
0.000013
2.440916
0.776034
0.617358
0.038690
1.146561
2.099254
0.713533
0.874282
0.654809
0.019222
1.467341
1.402084
1.156693
0.636278
1.173389
0.754110
1.652497
0.019607
0.124370
1.802629
1.076595
1.336273
1.349651
2.174852
2.519845
1.566087
0.003882
1.093722
1.662370
1.218520
1.042895
1.636442
0.000009
0.932393
1.016796
0.596915
1.034914
0.667292
0.132135
0.341820
0.039425
0.007001
0.049010
0.227169
0.353630
0.579060
0.096539
1.572818
0.031408
0.140792
1.101174
1.072713
0.918086
0.003761
1.002713
1.181728
0.547472
0.470969
0.029090
1.841985
0.023764
2.358599
0.782409
1.418948
0.009371
0.262765
0.868285
0.000157
0.869327
0.294497
0.462799
1.913478
0.077864
1.562044
2.622191
3.598220
0.224210
2.125581
1.970718
1.134112
1.639480
0.280936
1.115226
0.072647
0.917022
0.893853
1.172644
0.289871
4.668328
0.554271
0.884057
1.705251
1.705251
1.705251
1.705251
1.705251
1.705251
1.705251
1.705251
1.705251
1.705251
1.705251
1.705251
1.705251
1.705251
1.705251
1.705251
1.705251
1.705251
1.705251
1.705251
1.705251
