2.345279
1.565706
1.535965
0.577304
0.883881
0.394936
1.102279
0.250778
0.626943
-1.595956
0.486596
0.199505
0.131923
0.404655
0.486112
-0.045163
-0.510933
-0.376112
-0.935081
0.377859
-1.150236
0.233297
-1.468438
0.300311
0.442331
0.574651
-0.755899
0.809633
0.591059
-0.489296
0.254696
0.591308
-1.101105
-0.533564
0.410419
0.386313
-1.118318
0.309864
0.808204
-0.914309
0.215033
-0.469674
0.189236
-0.378015
-1.032113
0.678511
0.461780
-0.307311
-0.558568
1.137327
1.401941
0.565525
-0.269896
0.463110
-0.981349
0.558984
0.301823
-1.040293
0.339791
-0.922025
0.156743
0.258864
-1.651134
-0.781233
-0.675192
-0.323143
-0.502330
0.454541
-1.153563
-1.300571
0.326898
0.415503
-2.226787
0.306608
-1.579746
-0.792496
-0.603317
-0.842200
0.967298
-2.007052
-0.689424
-0.309183
-0.258647
-0.916174
1.178419
-1.424731
-0.804474
0.074472
-0.480571
0.924419
-0.560799
0.291521
-1.458434
2.152095
0.997294
-1.098346
0.999582
0.333347
-0.773791
-0.653621
-2.039711
0.845887
-1.729896
-0.819412
-1.014447
0.361112
0.617952
-0.459344
-0.683878
-1.080539
-1.290094
-0.361814
-0.258091
-1.151443
0.192193
-0.117693
-0.464471
-1.505732
-0.592053
-0.487979
0.044279
-0.890532
-0.623798
-1.045466
-2.033025
0.860368
0.442969
-1.154799
0.365606
0.219703
0.518698
0.614428
1.480244
1.227433
0.469856
-0.323192
0.414826
0.365301
-0.874750
0.829357
-0.792882
0.257676
-0.838444
-0.480934
-0.734818
-0.513201
0.325375
1.030226
0.269496
0.897064
-0.709122
-1.163691
0.293603
0.549741
-0.921649
0.125360
-0.366441
0.643499
0.757403
-0.712316
0.550295
-0.450531
-0.379485
-0.314012
0.569577
-1.122651
-0.565409
0.835628
-0.680990
0.823005
1.154747
0.567820
0.735205
1.557690
-1.257018
1.239627
1.915223
1.491493
2.436730
-0.012363
-0.012363
-0.012363
-0.012363
-0.012363
-0.012363
-0.012363
-0.012363
-0.012363
-0.012363
-0.012363
-0.012363
-0.012363
-0.012363
-0.012363
-0.012363
-0.012363
-0.012363
-0.012363
-0.012363
-0.012363
-0.807964
-0.472321
-0.217365
-0.021138
-0.431031
0.007245
-0.215995
0.339219
-0.059949
-0.057744
0.106750
-0.558629
0.292057
0.451105
0.017872
0.600272
0.930949
1.350823
1.549881
1.180280
0.546013
0.256907
0.901991
0.316262
0.674232
0.635396
1.015993
0.784982
0.552349
0.123614
-0.302788
0.132199
0.917940
0.542634
0.979674
0.244242
1.020462
0.555073
0.141741
0.543105
0.654882
0.222070
0.136258
0.561591
0.976912
0.058477
0.130674
-0.036263
-0.138610
-0.118111
-0.297183
-0.278954
0.607170
0.280709
0.732000
0.327603
0.813966
0.660138
0.903107
0.515652
-0.055630
1.050648
1.229764
1.095072
0.773844
0.929068
0.249683
0.618526
1.184079
0.548205
0.538237
-0.305537
1.150689
0.699163
0.398882
0.144892
0.063857
-0.029644
-0.247523
0.618501
0.907048
0.245636
-0.045699
-0.260264
0.279259
0.259173
0.416190
0.043545
0.293281
0.074885
0.914864
0.512494
0.432441
-0.482396
0.133391
0.343887
-0.324293
-0.159190
-0.033785
0.074848
0.265630
0.716699
0.856466
0.707987
0.175578
0.007777
0.330102
0.121587
0.681633
0.837540
0.654874
0.533667
0.401488
0.289027
0.436959
0.786450
0.172488
0.881820
0.563596
0.117220
0.706156
0.453523
0.495751
1.101482
1.316139
0.976073
0.788131
1.384497
0.820497
0.580841
-0.106877
0.101172
-1.022484
0.046302
1.009801
0.070126
0.587941
0.267250
0.273207
0.190321
0.527849
0.523014
0.328646
0.378031
0.374092
1.124009
0.399480
0.358311
0.602205
0.528343
0.904449
0.876641
0.378268
-0.322673
0.723990
0.403599
0.994108
1.007746
-0.373772
0.373774
0.206211
0.037257
0.080595
-0.138856
0.317269
-0.171565
0.273695
0.207862
-0.171218
-0.723602
-0.176747
-0.211448
0.099687
0.505762
0.845953
-0.399160
-0.647381
-1.388722
-0.130407
0.002574
0.002574
0.002574
0.002574
0.002574
0.002574
0.002574
0.002574
0.002574
0.002574
0.002574
0.002574
0.002574
0.002574
0.002574
0.002574
0.002574
0.002574
0.002574
0.002574
0.002574
