2.345279
1.565706
1.535965
0.577304
0.883881
0.394936
1.102279
0.250778
0.626943
-1.595956
0.486596
0.199505
0.131923
0.404655
0.486112
-0.045163
-0.510933
-0.376112
-0.935081
0.377859
-1.150236
0.233297
-1.468438
0.300311
0.442331
0.574651
-0.755899
0.809633
0.591059
-0.489296
0.254696
0.591308
-1.101105
-0.533564
0.410419
0.386313
-1.118318
0.309864
0.808204
-0.914309
0.215033
-0.469674
0.189236
-0.378015
-1.032113
0.678511
0.461780
-0.307311
-0.558568
1.137327
1.401941
0.565525
-0.269896
0.463110
-0.981349
0.558984
0.301823
-1.040293
0.339791
-0.922025
0.156743
0.258864
-1.651134
-0.781233
-0.675192
-0.323143
-0.502330
0.454541
-1.153563
-1.300571
0.326898
0.415503
-2.226787
0.306608
-1.579746
-0.792496
-0.603317
-0.842200
0.967298
-2.007052
-0.689424
-0.309183
-0.258647
-0.916174
1.178419
-1.424731
-0.804474
0.074472
-0.480571
0.924419
-0.560799
0.291521
-1.458434
2.152095
0.997294
-1.098346
0.999582
0.333347
-0.773791
-0.653621
-2.039711
0.845887
-1.729896
-0.819412
-1.014447
0.361112
0.617952
-0.459344
-0.683878
-1.080539
-1.290094
-0.361814
-0.258091
-1.151443
0.192193
-0.117693
-0.464471
-1.505732
-0.592053
-0.487979
0.044279
-0.890532
-0.623798
-1.045466
-2.033025
0.860368
0.442969
-1.154799
0.365606
0.219703
0.518698
0.614428
1.480244
1.227433
0.469856
-0.323192
0.414826
0.365301
-0.874750
0.829357
-0.792882
0.257676
-0.838444
-0.480934
-0.734818
-0.513201
0.325375
1.030226
0.269496
0.897064
-0.709122
-1.163691
0.293603
0.549741
-0.921649
0.125360
-0.366441
0.643499
0.757403
-0.712316
0.550295
-0.450531
-0.379485
-0.314012
0.569577
-1.122651
-0.565409
0.835628
-0.680990
0.823005
1.154747
0.567820
0.735205
1.557690
-1.257018
1.239627
1.915223
1.491493
2.436730
-0.000000
-0.000000
-0.000000
-0.000000
-0.000000
-0.000000
-0.000000
-0.000000
-0.000000
-0.000000
-0.000000
-0.000000
-0.000000
-0.000000
-0.000000
-0.000000
-0.000000
-0.000000
-0.000000
-0.000000
-0.000000
