0.949219
-0.412109
0.895508
0.792969
0.703125
0.887695
1.354492
0.321289
1.167969
-1.233398
0.739258
0.257812
0.655762
0.632812
0.811523
-0.146973
-0.383789
-0.641602
-1.287109
-0.440430
-1.011719
0.181641
-1.218750
0.579102
0.236816
0.157715
-0.831055
0.127930
0.191406
-0.017090
0.557617
0.556152
-0.861328
-0.278809
0.317627
0.399902
-0.913086
0.307129
0.806641
-0.663086
0.083984
-0.164307
0.201660
-0.020996
-0.655273
0.864258
0.750000
0.366699
-0.046387
0.680176
0.986816
0.893555
0.098633
0.536621
-0.573242
0.477295
-0.177734
-0.851562
0.147461
-0.488281
0.248535
-0.063965
-1.500977
-0.462158
-0.339844
-0.174072
-0.024414
0.375488
-0.944336
-0.995117
0.520508
0.746094
-2.033203
0.100098
-1.266602
-0.149170
0.087402
-0.339111
1.187500
-1.711914
-0.237793
-0.041016
0.347168
-0.435547
0.874023
-1.167969
-0.259033
0.536133
0.236328
0.733398
-0.449219
-0.160522
-1.312500
1.773438
0.604004
-0.674805
1.432617
0.659668
-0.199097
-0.246582
-1.820312
0.234375
-1.475586
-0.543945
-0.534180
0.508789
0.526855
0.001953
-0.355713
-0.800781
-1.014648
0.142578
0.236328
-0.811035
0.266113
-0.120117
-0.020020
-1.277344
-0.292236
-0.003418
-0.100098
-0.585938
-0.344727
-0.833496
-1.869141
0.519531
0.024780
-1.140625
-0.302002
-0.118652
0.257080
0.371582
1.414062
1.247070
0.397949
0.120117
0.595215
0.360596
-0.487549
0.689453
-0.486816
0.113281
-0.484619
-0.212402
-0.735352
-0.718750
-0.185547
0.813965
0.200195
0.648438
-0.389160
-0.887695
0.375488
0.633301
-0.663574
0.072266
-0.297363
0.450928
0.928711
-0.135742
0.578125
-0.027344
0.275879
0.544434
1.000977
-0.497314
0.083984
0.932129
-0.228516
0.753418
1.208984
0.964844
0.806641
0.874023
-1.078125
0.746094
1.292969
1.059570
1.294922
0.000000
0.000000
0.000000
0.000000
0.000000
0.000000
0.000000
0.000000
0.000000
0.000000
0.000000
0.000000
0.000000
0.000000
0.000000
0.000000
0.000000
0.000000
0.000000
0.000000
0.000000
